   Time       ET        Evap    Transp     Rns        Rnl    RadTerm  AeroTerm     Prec     Interc   ExInterc
    1.00     4.391     0.006     4.386     0.000     0.000     0.000     0.000     3.500     0.000     0.000
    2.00     4.679     0.006     4.673     0.000     0.000     0.000     0.000     0.400     0.000     0.000
    3.00     5.494     0.007     5.487     0.000     0.000     0.000     0.000     4.500     0.000     0.000
    4.00     5.150     0.007     5.143     0.000     0.000     0.000     0.000     0.000     0.000     0.000
    5.00     6.188     0.008     6.180     0.000     0.000     0.000     0.000     0.000     0.000     0.000
    6.00     7.022     0.009     7.013     0.000     0.000     0.000     0.000     0.000     0.000     0.000
    7.00     6.942     0.009     6.933     0.000     0.000     0.000     0.000     0.000     0.000     0.000
    8.00     5.754     0.007     5.746     0.000     0.000     0.000     0.000     0.000     0.000     0.000
    9.00     4.391     0.006     4.386     0.000     0.000     0.000     0.000     0.000     0.000     0.000
   10.00     4.444     0.006     4.438     0.000     0.000     0.000     0.000     0.000     0.000     0.000
   11.00     4.292     0.005     4.286     0.000     0.000     0.000     0.000     1.400     0.000     0.000
   12.00     5.414     0.007     5.407     0.000     0.000     0.000     0.000     1.000     0.000     0.000
   13.00     5.350     0.007     5.343     0.000     0.000     0.000     0.000     0.000     0.000     0.000
   14.00     4.901     0.006     4.895     0.000     0.000     0.000     0.000     0.800     0.000     0.000
   15.00     5.238     0.007     5.232     0.000     0.000     0.000     0.000     1.800     0.000     0.000
   16.00     4.758     0.006     4.752     0.000     0.000     0.000     0.000     0.000     0.000     0.000
   17.00     4.884     0.006     4.878     0.000     0.000     0.000     0.000     0.000     0.000     0.000
   18.00     4.514     0.006     4.508     0.000     0.000     0.000     0.000     8.000     0.000     0.000
   19.00     4.562     0.006     4.556     0.000     0.000     0.000     0.000    27.000     0.000     0.000
   20.00     4.873     0.006     4.867     0.000     0.000     0.000     0.000    11.500     0.000     0.000
   21.00     4.934     0.006     4.928     0.000     0.000     0.000     0.000     0.000     0.000     0.000
   22.00     4.602     0.006     4.596     0.000     0.000     0.000     0.000     0.200     0.000     0.000
   23.00     5.412     0.007     5.405     0.000     0.000     0.000     0.000     0.000     0.000     0.000
   24.00     5.262     0.007     5.256     0.000     0.000     0.000     0.000     0.000     0.000     0.000
   25.00     4.641     0.006     4.635     0.000     0.000     0.000     0.000     0.000     0.000     0.000
   26.00     4.295     0.005     4.289     0.000     0.000     0.000     0.000    41.000     0.000     0.000
   27.00     4.529     0.006     4.523     0.000     0.000     0.000     0.000     2.800     0.000     0.000
   28.00     4.283     0.005     4.278     0.000     0.000     0.000     0.000     2.000     0.000     0.000
   29.00     4.478     0.006     4.472     0.000     0.000     0.000     0.000     0.000     0.000     0.000
   30.00     4.857     0.006     4.851     0.000     0.000     0.000     0.000     0.000     0.000     0.000
   31.00     4.851     0.006     4.845     0.000     0.000     0.000     0.000     0.000     0.000     0.000
   32.00     4.845     0.006     4.838     0.000     0.000     0.000     0.000    16.500     0.000     0.000
   33.00     4.970     0.006     4.963     0.000     0.000     0.000     0.000     0.000     0.000     0.000
   34.00     4.884     0.006     4.878     0.000     0.000     0.000     0.000     0.000     0.000     0.000
   35.00     5.010     0.006     5.004     0.000     0.000     0.000     0.000    17.000     0.000     0.000
   36.00     4.818     0.006     4.812     0.000     0.000     0.000     0.000    11.500     0.000     0.000
   37.00     4.810     0.006     4.804     0.000     0.000     0.000     0.000     7.000     0.000     0.000
   38.00     5.041     0.006     5.035     0.000     0.000     0.000     0.000     0.000     0.000     0.000
   39.00     4.464     0.006     4.458     0.000     0.000     0.000     0.000     0.000     0.000     0.000
   40.00     4.499     0.006     4.493     0.000     0.000     0.000     0.000    65.000     0.000     0.000
   41.00     3.711     0.005     3.706     0.000     0.000     0.000     0.000    15.500     0.000     0.000
   42.00     4.200     0.005     4.194     0.000     0.000     0.000     0.000    12.000     0.000     0.000
   43.00     5.289     0.007     5.282     0.000     0.000     0.000     0.000     0.000     0.000     0.000
   44.00     5.379     0.007     5.372     0.000     0.000     0.000     0.000     0.000     0.000     0.000
   45.00     5.871     0.007     5.864     0.000     0.000     0.000     0.000     0.000     0.000     0.000
   46.00     6.081     0.008     6.073     0.000     0.000     0.000     0.000     0.000     0.000     0.000
   47.00     5.993     0.008     5.986     0.000     0.000     0.000     0.000     0.000     0.000     0.000
   48.00     6.702     0.009     6.694     0.000     0.000     0.000     0.000     0.000     0.000     0.000
   49.00     5.519     0.007     5.512     0.000     0.000     0.000     0.000     0.000     0.000     0.000
   50.00     5.552     0.007     5.545     0.000     0.000     0.000     0.000     0.000     0.000     0.000
   51.00     5.599     0.007     5.592     0.000     0.000     0.000     0.000     0.000     0.000     0.000
   52.00     5.144     0.007     5.137     0.000     0.000     0.000     0.000     0.000     0.000     0.000
   53.00     4.681     0.006     4.675     0.000     0.000     0.000     0.000     0.000     0.000     0.000
   54.00     4.044     0.005     4.039     0.000     0.000     0.000     0.000    17.000     0.000     0.000
   55.00     4.357     0.006     4.351     0.000     0.000     0.000     0.000    18.000     0.000     0.000
   56.00     4.708     0.006     4.702     0.000     0.000     0.000     0.000     1.000     0.000     0.000
   57.00     5.064     0.006     5.057     0.000     0.000     0.000     0.000     0.000     0.000     0.000
   58.00     5.834     0.007     5.826     0.000     0.000     0.000     0.000     0.000     0.000     0.000
   59.00     5.342     0.007     5.335     0.000     0.000     0.000     0.000     0.000     0.000     0.000
   60.00     5.193     0.007     5.186     0.000     0.000     0.000     0.000     0.000     0.000     0.000
   61.00     5.100     0.006     5.094     0.000     0.000     0.000     0.000    65.000     0.000     0.000
   62.00     5.260     0.007     5.253     0.000     0.000     0.000     0.000     0.000     0.000     0.000
   63.00     2.927     0.004     2.923     0.000     0.000     0.000     0.000    29.000     0.000     0.000
   64.00     3.232     0.004     3.228     0.000     0.000     0.000     0.000   177.000     0.000     0.000
   65.00     3.742     0.005     3.737     0.000     0.000     0.000     0.000    21.000     0.000     0.000
   66.00     4.123     0.005     4.117     0.000     0.000     0.000     0.000    28.500     0.000     0.000
   67.00     3.982     0.005     3.977     0.000     0.000     0.000     0.000     3.000     0.000     0.000
   68.00     3.834     0.005     3.829     0.000     0.000     0.000     0.000    30.000     0.000     0.000
   69.00     3.253     0.004     3.249     0.000     0.000     0.000     0.000   111.500     0.000     0.000
   70.00     3.625     0.005     3.620     0.000     0.000     0.000     0.000    28.500     0.000     0.000
   71.00     3.751     0.005     3.746     0.000     0.000     0.000     0.000   109.300     0.000     0.000
   72.00     3.737     0.005     3.732     0.000     0.000     0.000     0.000    20.500     0.000     0.000
   73.00     3.975     0.005     3.970     0.000     0.000     0.000     0.000    71.000     0.000     0.000
   74.00     4.052     0.005     4.047     0.000     0.000     0.000     0.000     0.500     0.000     0.000
   75.00     3.557     0.005     3.553     0.000     0.000     0.000     0.000    10.000     0.000     0.000
   76.00     2.902     0.004     2.898     0.000     0.000     0.000     0.000    21.500     0.000     0.000
   77.00     3.011     0.004     3.007     0.000     0.000     0.000     0.000    80.000     0.000     0.000
   78.00     3.475     0.004     3.470     0.000     0.000     0.000     0.000   111.000     0.000     0.000
   79.00     4.548     0.006     4.542     0.000     0.000     0.000     0.000     1.000     0.000     0.000
   80.00     4.581     0.006     4.575     0.000     0.000     0.000     0.000     0.000     0.000     0.000
   81.00     4.257     0.005     4.252     0.000     0.000     0.000     0.000     1.600     0.000     0.000
   82.00     4.173     0.005     4.168     0.000     0.000     0.000     0.000     0.000     0.000     0.000
   83.00     3.783     0.005     3.778     0.000     0.000     0.000     0.000     0.000     0.000     0.000
   84.00     3.387     0.004     3.382     0.000     0.000     0.000     0.000     2.500     0.000     0.000
   85.00     3.937     0.005     3.932     0.000     0.000     0.000     0.000    16.500     0.000     0.000
   86.00     4.360     0.006     4.355     0.000     0.000     0.000     0.000     0.000     0.000     0.000
   87.00     4.340     0.006     4.335     0.000     0.000     0.000     0.000     0.000     0.000     0.000
   88.00     4.180     0.005     4.175     0.000     0.000     0.000     0.000     0.000     0.000     0.000
   89.00     4.209     0.005     4.204     0.000     0.000     0.000     0.000     0.000     0.000     0.000
   90.00     4.279     0.005     4.274     0.000     0.000     0.000     0.000     0.000     0.000     0.000
   91.00     4.308     0.005     4.303     0.000     0.000     0.000     0.000     0.000     0.000     0.000
   92.00     4.287     0.005     4.282     0.000     0.000     0.000     0.000     0.000     0.000     0.000
   93.00     3.938     0.005     3.933     0.000     0.000     0.000     0.000     0.000     0.000     0.000
   94.00     3.970     0.005     3.965     0.000     0.000     0.000     0.000     0.000     0.000     0.000
   95.00     4.339     0.006     4.334     0.000     0.000     0.000     0.000     0.000     0.000     0.000
   96.00     4.021     0.005     4.015     0.000     0.000     0.000     0.000     0.000     0.000     0.000
   97.00     4.086     0.005     4.081     0.000     0.000     0.000     0.000     0.000     0.000     0.000
   98.00     3.654     0.005     3.650     0.000     0.000     0.000     0.000    27.500     0.000     0.000
   99.00     3.492     0.004     3.487     0.000     0.000     0.000     0.000    36.000     0.000     0.000
  100.00     3.514     0.004     3.510     0.000     0.000     0.000     0.000     9.500     0.000     0.000
  101.00     3.199     0.004     3.195     0.000     0.000     0.000     0.000    36.500     0.000     0.000
  102.00     3.538     0.004     3.533     0.000     0.000     0.000     0.000    14.000     0.000     0.000
  103.00     3.656     0.005     3.651     0.000     0.000     0.000     0.000     1.200     0.000     0.000
  104.00     3.767     0.005     3.762     0.000     0.000     0.000     0.000     1.600     0.000     0.000
  105.00     2.697     0.003     2.694     0.000     0.000     0.000     0.000    19.800     0.000     0.000
  106.00     2.485     0.003     2.482     0.000     0.000     0.000     0.000    24.000     0.000     0.000
  107.00     2.915     0.004     2.912     0.000     0.000     0.000     0.000   132.000     0.000     0.000
  108.00     3.562     0.005     3.558     0.000     0.000     0.000     0.000    23.000     0.000     0.000
  109.00     3.234     0.004     3.230     0.000     0.000     0.000     0.000    35.000     0.000     0.000
  110.00     3.256     0.004     3.251     0.000     0.000     0.000     0.000     8.400     0.000     0.000
  111.00     2.962     0.004     2.959     0.000     0.000     0.000     0.000    38.000     0.000     0.000
  112.00     3.122     0.004     3.118     0.000     0.000     0.000     0.000    74.000     0.000     0.000
  113.00     2.966     0.004     2.962     0.000     0.000     0.000     0.000    39.000     0.000     0.000
  114.00     3.449     0.004     3.444     0.000     0.000     0.000     0.000     1.600     0.000     0.000
  115.00     3.206     0.004     3.202     0.000     0.000     0.000     0.000     0.000     0.000     0.000
  116.00     2.411     0.003     2.408     0.000     0.000     0.000     0.000     3.000     0.000     0.000
  117.00     2.469     0.003     2.466     0.000     0.000     0.000     0.000    17.500     0.000     0.000
  118.00     2.573     0.003     2.570     0.000     0.000     0.000     0.000     3.000     0.000     0.000
  119.00     3.101     0.004     3.097     0.000     0.000     0.000     0.000    41.500     0.000     0.000
  120.00     2.607     0.003     2.604     0.000     0.000     0.000     0.000    24.500     0.000     0.000
  121.00     2.908     0.004     2.904     0.000     0.000     0.000     0.000    24.500     0.000     0.000
  122.00     2.462     0.003     2.459     0.000     0.000     0.000     0.000     8.000     0.000     0.000
  123.00     3.284     0.004     3.280     0.000     0.000     0.000     0.000    10.500     0.000     0.000
  124.00     3.348     0.004     3.344     0.000     0.000     0.000     0.000     0.000     0.000     0.000
  125.00     3.292     0.004     3.287     0.000     0.000     0.000     0.000     0.000     0.000     0.000
  126.00     3.196     0.004     3.192     0.000     0.000     0.000     0.000     0.500     0.000     0.000
  127.00     3.009     0.004     3.006     0.000     0.000     0.000     0.000     2.000     0.000     0.000
  128.00     2.994     0.004     2.990     0.000     0.000     0.000     0.000    12.000     0.000     0.000
  129.00     2.726     0.003     2.722     0.000     0.000     0.000     0.000     9.000     0.000     0.000
  130.00     2.930     0.004     2.926     0.000     0.000     0.000     0.000     4.000     0.000     0.000
  131.00     3.071     0.004     3.067     0.000     0.000     0.000     0.000     0.000     0.000     0.000
  132.00     2.340     0.003     2.337     0.000     0.000     0.000     0.000    15.500     0.000     0.000
  133.00     2.219     0.003     2.216     0.000     0.000     0.000     0.000     0.000     0.000     0.000
  134.00     2.704     0.003     2.700     0.000     0.000     0.000     0.000     0.000     0.000     0.000
  135.00     2.431     0.003     2.427     0.000     0.000     0.000     0.000     2.000     0.000     0.000
  136.00     2.350     0.003     2.347     0.000     0.000     0.000     0.000     3.000     0.000     0.000
  137.00     2.957     0.004     2.954     0.000     0.000     0.000     0.000     1.000     0.000     0.000
  138.00     2.671     0.003     2.668     0.000     0.000     0.000     0.000    33.500     0.000     0.000
  139.00     2.509     0.003     2.506     0.000     0.000     0.000     0.000    12.000     0.000     0.000
  140.00     2.885     0.004     2.881     0.000     0.000     0.000     0.000     5.000     0.000     0.000
  141.00     2.488     0.003     2.485     0.000     0.000     0.000     0.000     0.400     0.000     0.000
  142.00     2.073     0.003     2.070     0.000     0.000     0.000     0.000    33.000     0.000     0.000
  143.00     1.425     0.002     1.423     0.000     0.000     0.000     0.000   156.000     0.000     0.000
  144.00     1.597     0.002     1.595     0.000     0.000     0.000     0.000    44.500     0.000     0.000
  145.00     2.359     0.003     2.356     0.000     0.000     0.000     0.000    33.000     0.000     0.000
  146.00     2.555     0.003     2.552     0.000     0.000     0.000     0.000     1.000     0.000     0.000
  147.00     2.768     0.004     2.765     0.000     0.000     0.000     0.000     0.000     0.000     0.000
  148.00     3.105     0.004     3.101     0.000     0.000     0.000     0.000     0.000     0.000     0.000
  149.00     2.998     0.004     2.994     0.000     0.000     0.000     0.000     0.000     0.000     0.000
  150.00     2.984     0.004     2.980     0.000     0.000     0.000     0.000     0.000     0.000     0.000
  151.00     2.513     0.003     2.510     0.000     0.000     0.000     0.000    30.000     0.000     0.000
  152.00     2.237     0.003     2.235     0.000     0.000     0.000     0.000     9.500     0.000     0.000
  153.00     2.498     0.003     2.495     0.000     0.000     0.000     0.000    48.000     0.000     0.000
  154.00     2.145     0.003     2.142     0.000     0.000     0.000     0.000    32.000     0.000     0.000
  155.00     2.563     0.003     2.560     0.000     0.000     0.000     0.000     5.000     0.000     0.000
  156.00     2.630     0.003     2.627     0.000     0.000     0.000     0.000     0.800     0.000     0.000
  157.00     2.608     0.003     2.605     0.000     0.000     0.000     0.000     0.000     0.000     0.000
  158.00     3.043     0.004     3.039     0.000     0.000     0.000     0.000     0.000     0.000     0.000
  159.00     3.164     0.004     3.160     0.000     0.000     0.000     0.000     0.000     0.000     0.000
  160.00     3.115     0.004     3.111     0.000     0.000     0.000     0.000     0.000     0.000     0.000
  161.00     3.055     0.004     3.051     0.000     0.000     0.000     0.000     0.000     0.000     0.000
  162.00     3.089     0.004     3.085     0.000     0.000     0.000     0.000     0.000     0.000     0.000
  163.00     2.941     0.004     2.937     0.000     0.000     0.000     0.000     0.000     0.000     0.000
  164.00     2.303     0.003     2.300     0.000     0.000     0.000     0.000     1.600     0.000     0.000
  165.00     2.126     0.003     2.123     0.000     0.000     0.000     0.000    26.000     0.000     0.000
  166.00     1.744     0.002     1.742     0.000     0.000     0.000     0.000   135.500     0.000     0.000
  167.00     1.721     0.002     1.719     0.000     0.000     0.000     0.000    54.500     0.000     0.000
  168.00     1.827     0.002     1.824     0.000     0.000     0.000     0.000    21.500     0.000     0.000
  169.00     2.067     0.003     2.064     0.000     0.000     0.000     0.000    25.500     0.000     0.000
  170.00     2.546     0.003     2.543     0.000     0.000     0.000     0.000     2.500     0.000     0.000
  171.00     1.539     0.002     1.537     0.000     0.000     0.000     0.000    12.000     0.000     0.000
  172.00     2.177     0.003     2.174     0.000     0.000     0.000     0.000     1.600     0.000     0.000
  173.00     2.320     0.003     2.317     0.000     0.000     0.000     0.000     0.000     0.000     0.000
  174.00     2.709     0.003     2.706     0.000     0.000     0.000     0.000     0.000     0.000     0.000
  175.00     2.429     0.003     2.426     0.000     0.000     0.000     0.000     0.000     0.000     0.000
  176.00     2.568     0.003     2.565     0.000     0.000     0.000     0.000     0.000     0.000     0.000
  177.00     2.322     0.003     2.319     0.000     0.000     0.000     0.000     0.000     0.000     0.000
  178.00     1.827     0.002     1.825     0.000     0.000     0.000     0.000     0.000     0.000     0.000
  179.00     2.435     0.003     2.432     0.000     0.000     0.000     0.000     7.500     0.000     0.000
  180.00     1.702     0.002     1.700     0.000     0.000     0.000     0.000     0.400     0.000     0.000
  181.00     2.238     0.003     2.236     0.000     0.000     0.000     0.000     0.000     0.000     0.000
  182.00     2.613     0.003     2.610     0.000     0.000     0.000     0.000     0.000     0.000     0.000
  183.00     2.883     0.004     2.880     0.000     0.000     0.000     0.000     0.000     0.000     0.000
  184.00     2.342     0.003     2.339     0.000     0.000     0.000     0.000     0.000     0.000     0.000
  185.00     1.750     0.002     1.748     0.000     0.000     0.000     0.000     2.000     0.000     0.000
  186.00     2.250     0.003     2.248     0.000     0.000     0.000     0.000     0.600     0.000     0.000
  187.00     2.942     0.004     2.939     0.000     0.000     0.000     0.000     0.600     0.000     0.000
  188.00     2.822     0.004     2.818     0.000     0.000     0.000     0.000     0.000     0.000     0.000
  189.00     2.629     0.003     2.625     0.000     0.000     0.000     0.000     0.000     0.000     0.000
  190.00     2.816     0.004     2.812     0.000     0.000     0.000     0.000     0.000     0.000     0.000
  191.00     2.907     0.004     2.903     0.000     0.000     0.000     0.000     0.000     0.000     0.000
  192.00     2.722     0.003     2.719     0.000     0.000     0.000     0.000     0.000     0.000     0.000
  193.00     2.557     0.003     2.553     0.000     0.000     0.000     0.000     0.400     0.000     0.000
  194.00     2.493     0.003     2.490     0.000     0.000     0.000     0.000     0.800     0.000     0.000
  195.00     2.738     0.003     2.735     0.000     0.000     0.000     0.000     0.000     0.000     0.000
  196.00     1.307     0.002     1.305     0.000     0.000     0.000     0.000     2.500     0.000     0.000
  197.00     1.542     0.002     1.540     0.000     0.000     0.000     0.000    30.500     0.000     0.000
  198.00     2.661     0.003     2.658     0.000     0.000     0.000     0.000     8.500     0.000     0.000
  199.00     2.606     0.003     2.602     0.000     0.000     0.000     0.000     0.000     0.000     0.000
  200.00     2.543     0.003     2.540     0.000     0.000     0.000     0.000    56.000     0.000     0.000
  201.00     1.979     0.003     1.976     0.000     0.000     0.000     0.000    92.000     0.000     0.000
  202.00     2.011     0.003     2.008     0.000     0.000     0.000     0.000    53.000     0.000     0.000
  203.00     2.102     0.003     2.099     0.000     0.000     0.000     0.000    22.000     0.000     0.000
  204.00     2.536     0.003     2.533     0.000     0.000     0.000     0.000     4.500     0.000     0.000
  205.00     3.156     0.004     3.152     0.000     0.000     0.000     0.000     0.000     0.000     0.000
  206.00     3.073     0.004     3.069     0.000     0.000     0.000     0.000     0.000     0.000     0.000
  207.00     3.142     0.004     3.138     0.000     0.000     0.000     0.000     0.000     0.000     0.000
  208.00     2.941     0.004     2.937     0.000     0.000     0.000     0.000     0.000     0.000     0.000
  209.00     2.638     0.003     2.635     0.000     0.000     0.000     0.000     0.000     0.000     0.000
  210.00     2.304     0.003     2.301     0.000     0.000     0.000     0.000     0.000     0.000     0.000
  211.00     2.691     0.003     2.688     0.000     0.000     0.000     0.000     0.000     0.000     0.000
  212.00     2.750     0.003     2.747     0.000     0.000     0.000     0.000     0.000     0.000     0.000
  213.00     2.729     0.003     2.725     0.000     0.000     0.000     0.000     1.200     0.000     0.000
  214.00     2.742     0.003     2.738     0.000     0.000     0.000     0.000     0.200     0.000     0.000
  215.00     3.116     0.004     3.112     0.000     0.000     0.000     0.000     0.000     0.000     0.000
  216.00     2.909     0.004     2.905     0.000     0.000     0.000     0.000     0.000     0.000     0.000
  217.00     2.998     0.004     2.994     0.000     0.000     0.000     0.000     0.000     0.000     0.000
  218.00     3.275     0.004     3.271     0.000     0.000     0.000     0.000     0.000     0.000     0.000
  219.00     2.701     0.003     2.697     0.000     0.000     0.000     0.000     5.000     0.000     0.000
  220.00     2.356     0.003     2.353     0.000     0.000     0.000     0.000    14.000     0.000     0.000
  221.00     2.489     0.003     2.486     0.000     0.000     0.000     0.000    25.500     0.000     0.000
  222.00     2.535     0.003     2.532     0.000     0.000     0.000     0.000     6.000     0.000     0.000
  223.00     2.974     0.004     2.970     0.000     0.000     0.000     0.000     0.200     0.000     0.000
  224.00     3.264     0.004     3.260     0.000     0.000     0.000     0.000     1.400     0.000     0.000
  225.00     3.219     0.004     3.215     0.000     0.000     0.000     0.000     0.000     0.000     0.000
  226.00     3.021     0.004     3.017     0.000     0.000     0.000     0.000     0.000     0.000     0.000
  227.00     2.890     0.004     2.887     0.000     0.000     0.000     0.000     3.500     0.000     0.000
  228.00     1.611     0.002     1.609     0.000     0.000     0.000     0.000    21.000     0.000     0.000
  229.00     2.063     0.003     2.061     0.000     0.000     0.000     0.000    83.500     0.000     0.000
  230.00     2.515     0.003     2.512     0.000     0.000     0.000     0.000    19.000     0.000     0.000
  231.00     2.395     0.003     2.392     0.000     0.000     0.000     0.000    33.800     0.000     0.000
  232.00     2.376     0.003     2.372     0.000     0.000     0.000     0.000     6.000     0.000     0.000
  233.00     2.944     0.004     2.941     0.000     0.000     0.000     0.000    10.000     0.000     0.000
  234.00     3.039     0.004     3.035     0.000     0.000     0.000     0.000    10.500     0.000     0.000
  235.00     3.295     0.004     3.290     0.000     0.000     0.000     0.000     0.000     0.000     0.000
  236.00     3.386     0.004     3.382     0.000     0.000     0.000     0.000     0.000     0.000     0.000
  237.00     3.748     0.005     3.743     0.000     0.000     0.000     0.000     0.000     0.000     0.000
  238.00     2.830     0.004     2.827     0.000     0.000     0.000     0.000     0.000     0.000     0.000
  239.00     2.597     0.003     2.594     0.000     0.000     0.000     0.000     0.000     0.000     0.000
  240.00     2.853     0.004     2.850     0.000     0.000     0.000     0.000     0.000     0.000     0.000
  241.00     2.908     0.004     2.904     0.000     0.000     0.000     0.000     0.000     0.000     0.000
  242.00     3.475     0.004     3.470     0.000     0.000     0.000     0.000     0.000     0.000     0.000
  243.00     3.178     0.004     3.174     0.000     0.000     0.000     0.000     0.200     0.000     0.000
  244.00     3.327     0.004     3.323     0.000     0.000     0.000     0.000     1.000     0.000     0.000
  245.00     3.251     0.004     3.247     0.000     0.000     0.000     0.000     1.200     0.000     0.000
  246.00     3.580     0.005     3.575     0.000     0.000     0.000     0.000     1.600     0.000     0.000
  247.00     3.802     0.005     3.797     0.000     0.000     0.000     0.000     0.000     0.000     0.000
  248.00     3.437     0.004     3.433     0.000     0.000     0.000     0.000     0.000     0.000     0.000
  249.00     2.476     0.003     2.473     0.000     0.000     0.000     0.000     2.800     0.000     0.000
  250.00     2.782     0.004     2.779     0.000     0.000     0.000     0.000     0.000     0.000     0.000
  251.00     2.831     0.004     2.827     0.000     0.000     0.000     0.000     1.800     0.000     0.000
  252.00     2.928     0.004     2.924     0.000     0.000     0.000     0.000     9.500     0.000     0.000
  253.00     3.424     0.004     3.420     0.000     0.000     0.000     0.000     7.000     0.000     0.000
  254.00     3.901     0.005     3.896     0.000     0.000     0.000     0.000     0.200     0.000     0.000
  255.00     3.741     0.005     3.736     0.000     0.000     0.000     0.000     0.000     0.000     0.000
  256.00     3.176     0.004     3.172     0.000     0.000     0.000     0.000    13.000     0.000     0.000
  257.00     3.590     0.005     3.585     0.000     0.000     0.000     0.000    18.500     0.000     0.000
  258.00     3.505     0.004     3.501     0.000     0.000     0.000     0.000     3.500     0.000     0.000
  259.00     3.765     0.005     3.760     0.000     0.000     0.000     0.000     0.000     0.000     0.000
  260.00     3.193     0.004     3.189     0.000     0.000     0.000     0.000     3.000     0.000     0.000
  261.00     3.845     0.005     3.840     0.000     0.000     0.000     0.000     0.000     0.000     0.000
  262.00     4.096     0.005     4.091     0.000     0.000     0.000     0.000     0.000     0.000     0.000
  263.00     3.925     0.005     3.920     0.000     0.000     0.000     0.000     0.000     0.000     0.000
  264.00     4.131     0.005     4.126     0.000     0.000     0.000     0.000     0.000     0.000     0.000
  265.00     4.237     0.005     4.231     0.000     0.000     0.000     0.000     0.000     0.000     0.000
  266.00     3.143     0.004     3.139     0.000     0.000     0.000     0.000     2.000     0.000     0.000
  267.00     4.139     0.005     4.134     0.000     0.000     0.000     0.000     0.000     0.000     0.000
  268.00     4.156     0.005     4.150     0.000     0.000     0.000     0.000     0.000     0.000     0.000
  269.00     4.172     0.005     4.167     0.000     0.000     0.000     0.000     0.000     0.000     0.000
  270.00     4.624     0.006     4.618     0.000     0.000     0.000     0.000     0.000     0.000     0.000
  271.00     4.498     0.006     4.492     0.000     0.000     0.000     0.000     0.000     0.000     0.000
  272.00     4.012     0.005     4.007     0.000     0.000     0.000     0.000     0.000     0.000     0.000
  273.00     3.793     0.005     3.788     0.000     0.000     0.000     0.000     0.000     0.000     0.000
  274.00     4.019     0.005     4.014     0.000     0.000     0.000     0.000     0.000     0.000     0.000
  275.00     3.942     0.005     3.937     0.000     0.000     0.000     0.000     1.400     0.000     0.000
  276.00     3.956     0.005     3.951     0.000     0.000     0.000     0.000     0.000     0.000     0.000
  277.00     4.349     0.006     4.343     0.000     0.000     0.000     0.000     0.000     0.000     0.000
  278.00     4.030     0.005     4.024     0.000     0.000     0.000     0.000     0.100     0.000     0.000
  279.00     3.338     0.004     3.334     0.000     0.000     0.000     0.000     8.500     0.000     0.000
  280.00     4.029     0.005     4.024     0.000     0.000     0.000     0.000     0.100     0.000     0.000
  281.00     4.042     0.005     4.037     0.000     0.000     0.000     0.000     0.000     0.000     0.000
  282.00     4.509     0.006     4.503     0.000     0.000     0.000     0.000     0.400     0.000     0.000
  283.00     4.778     0.006     4.772     0.000     0.000     0.000     0.000     0.000     0.000     0.000
  284.00     4.653     0.006     4.647     0.000     0.000     0.000     0.000     0.000     0.000     0.000
  285.00     5.292     0.007     5.285     0.000     0.000     0.000     0.000     0.000     0.000     0.000
  286.00     5.021     0.006     5.014     0.000     0.000     0.000     0.000     0.000     0.000     0.000
  287.00     4.116     0.005     4.110     0.000     0.000     0.000     0.000     0.000     0.000     0.000
  288.00     4.059     0.005     4.054     0.000     0.000     0.000     0.000     0.000     0.000     0.000
  289.00     3.416     0.004     3.412     0.000     0.000     0.000     0.000    12.000     0.000     0.000
  290.00     4.050     0.005     4.044     0.000     0.000     0.000     0.000    24.000     0.000     0.000
  291.00     4.376     0.006     4.370     0.000     0.000     0.000     0.000     0.000     0.000     0.000
  292.00     4.597     0.006     4.591     0.000     0.000     0.000     0.000     0.000     0.000     0.000
  293.00     4.396     0.006     4.391     0.000     0.000     0.000     0.000     0.000     0.000     0.000
  294.00     4.122     0.005     4.117     0.000     0.000     0.000     0.000     0.000     0.000     0.000
  295.00     4.252     0.005     4.247     0.000     0.000     0.000     0.000     0.100     0.000     0.000
  296.00     4.641     0.006     4.635     0.000     0.000     0.000     0.000     0.000     0.000     0.000
  297.00     4.493     0.006     4.487     0.000     0.000     0.000     0.000     0.000     0.000     0.000
  298.00     3.890     0.005     3.885     0.000     0.000     0.000     0.000     9.500     0.000     0.000
  299.00     4.713     0.006     4.707     0.000     0.000     0.000     0.000     0.100     0.000     0.000
  300.00     4.781     0.006     4.775     0.000     0.000     0.000     0.000     0.000     0.000     0.000
  301.00     4.475     0.006     4.470     0.000     0.000     0.000     0.000     0.000     0.000     0.000
  302.00     5.196     0.007     5.189     0.000     0.000     0.000     0.000     0.000     0.000     0.000
  303.00     4.658     0.006     4.653     0.000     0.000     0.000     0.000     0.000     0.000     0.000
  304.00     4.260     0.005     4.255     0.000     0.000     0.000     0.000     0.000     0.000     0.000
  305.00     4.726     0.006     4.720     0.000     0.000     0.000     0.000     0.000     0.000     0.000
  306.00     4.991     0.006     4.984     0.000     0.000     0.000     0.000     0.000     0.000     0.000
  307.00     5.059     0.006     5.053     0.000     0.000     0.000     0.000     0.000     0.000     0.000
  308.00     4.755     0.006     4.749     0.000     0.000     0.000     0.000     0.000     0.000     0.000
  309.00     4.647     0.006     4.641     0.000     0.000     0.000     0.000     0.000     0.000     0.000
  310.00     4.533     0.006     4.527     0.000     0.000     0.000     0.000     0.000     0.000     0.000
  311.00     4.644     0.006     4.638     0.000     0.000     0.000     0.000     0.000     0.000     0.000
  312.00     5.379     0.007     5.372     0.000     0.000     0.000     0.000     0.000     0.000     0.000
  313.00     4.959     0.006     4.952     0.000     0.000     0.000     0.000     0.000     0.000     0.000
  314.00     5.023     0.006     5.016     0.000     0.000     0.000     0.000     0.000     0.000     0.000
  315.00     5.197     0.007     5.190     0.000     0.000     0.000     0.000     0.000     0.000     0.000
  316.00     6.147     0.008     6.139     0.000     0.000     0.000     0.000     0.000     0.000     0.000
  317.00     5.788     0.007     5.781     0.000     0.000     0.000     0.000     0.000     0.000     0.000
  318.00     5.836     0.007     5.829     0.000     0.000     0.000     0.000     2.000     0.000     0.000
  319.00     5.282     0.007     5.275     0.000     0.000     0.000     0.000     1.600     0.000     0.000
  320.00     6.095     0.008     6.087     0.000     0.000     0.000     0.000     0.000     0.000     0.000
  321.00     5.595     0.007     5.588     0.000     0.000     0.000     0.000     0.000     0.000     0.000
  322.00     4.787     0.006     4.781     0.000     0.000     0.000     0.000     0.000     0.000     0.000
  323.00     4.902     0.006     4.896     0.000     0.000     0.000     0.000     0.100     0.000     0.000
  324.00     4.797     0.006     4.791     0.000     0.000     0.000     0.000     8.000     0.000     0.000
  325.00     5.076     0.006     5.069     0.000     0.000     0.000     0.000     7.000     0.000     0.000
  326.00     4.567     0.006     4.561     0.000     0.000     0.000     0.000     0.500     0.000     0.000
  327.00     5.085     0.006     5.078     0.000     0.000     0.000     0.000     0.000     0.000     0.000
  328.00     4.982     0.006     4.976     0.000     0.000     0.000     0.000     0.000     0.000     0.000
  329.00     5.758     0.007     5.751     0.000     0.000     0.000     0.000     0.000     0.000     0.000
  330.00     5.422     0.007     5.415     0.000     0.000     0.000     0.000     0.000     0.000     0.000
  331.00     5.387     0.007     5.380     0.000     0.000     0.000     0.000     0.000     0.000     0.000
  332.00     5.173     0.007     5.166     0.000     0.000     0.000     0.000     1.600     0.000     0.000
  333.00     5.002     0.006     4.995     0.000     0.000     0.000     0.000     0.000     0.000     0.000
  334.00     4.701     0.006     4.695     0.000     0.000     0.000     0.000     0.000     0.000     0.000
  335.00     5.759     0.007     5.752     0.000     0.000     0.000     0.000     0.000     0.000     0.000
  336.00     5.506     0.007     5.499     0.000     0.000     0.000     0.000     0.000     0.000     0.000
  337.00     6.398     0.008     6.390     0.000     0.000     0.000     0.000     0.000     0.000     0.000
  338.00     6.626     0.008     6.618     0.000     0.000     0.000     0.000     0.000     0.000     0.000
  339.00     5.642     0.007     5.634     0.000     0.000     0.000     0.000     0.000     0.000     0.000
  340.00     5.517     0.007     5.510     0.000     0.000     0.000     0.000     0.000     0.000     0.000
  341.00     5.418     0.007     5.411     0.000     0.000     0.000     0.000     0.000     0.000     0.000
  342.00     5.420     0.007     5.413     0.000     0.000     0.000     0.000     0.000     0.000     0.000
  343.00     4.960     0.006     4.954     0.000     0.000     0.000     0.000     0.000     0.000     0.000
  344.00     5.819     0.007     5.811     0.000     0.000     0.000     0.000     0.000     0.000     0.000
  345.00     5.379     0.007     5.372     0.000     0.000     0.000     0.000     0.000     0.000     0.000
  346.00     4.489     0.006     4.484     0.000     0.000     0.000     0.000     5.000     0.000     0.000
  347.00     4.110     0.005     4.104     0.000     0.000     0.000     0.000    26.500     0.000     0.000
  348.00     3.913     0.005     3.908     0.000     0.000     0.000     0.000    33.000     0.000     0.000
  349.00     4.803     0.006     4.797     0.000     0.000     0.000     0.000    19.500     0.000     0.000
  350.00     5.154     0.007     5.148     0.000     0.000     0.000     0.000     1.200     0.000     0.000
  351.00     5.387     0.007     5.381     0.000     0.000     0.000     0.000     0.000     0.000     0.000
  352.00     4.788     0.006     4.782     0.000     0.000     0.000     0.000     0.000     0.000     0.000
  353.00     4.842     0.006     4.836     0.000     0.000     0.000     0.000     0.000     0.000     0.000
  354.00     4.843     0.006     4.837     0.000     0.000     0.000     0.000     0.000     0.000     0.000
  355.00     5.158     0.007     5.152     0.000     0.000     0.000     0.000     0.800     0.000     0.000
  356.00     4.919     0.006     4.913     0.000     0.000     0.000     0.000     1.000     0.000     0.000
  357.00     5.540     0.007     5.533     0.000     0.000     0.000     0.000     0.000     0.000     0.000
  358.00     5.042     0.006     5.036     0.000     0.000     0.000     0.000     0.100     0.000     0.000
  359.00     4.864     0.006     4.858     0.000     0.000     0.000     0.000    16.000     0.000     0.000
  360.00     4.736     0.006     4.730     0.000     0.000     0.000     0.000     0.000     0.000     0.000
  361.00     5.218     0.007     5.211     0.000     0.000     0.000     0.000     4.000     0.000     0.000
  362.00     5.217     0.007     5.211     0.000     0.000     0.000     0.000     0.400     0.000     0.000
  363.00     5.041     0.006     5.035     0.000     0.000     0.000     0.000     0.000     0.000     0.000
  364.00     4.918     0.006     4.912     0.000     0.000     0.000     0.000     1.400     0.000     0.000
  365.00     5.274     0.007     5.268     0.000     0.000     0.000     0.000     0.000     0.000     0.000
    1.00     5.273     0.007     5.267     0.000     0.000     0.000     0.000     0.000     0.000     0.000
