       t        rad        tmax        tmin     rhmean      wind   
         1         17         28         21       84.4         30        
         2         19       29.5         22      83.95         30        
         3         19       31.5       21.5      82.45         30         
         4         25       31.5         23      74.45         30         
         5         29       34.5         23      59.25         30         
         6         29         35         19      71.35         30         
         7         27       34.5       18.5      71.05         30         
         8         27         32         21      79.45         30         
         9         24         31         25      83.45         30         
        10         20         30       23.5       84.2         30         
        11         26         30         24      79.95         30         
        12         27         31         21       77.8         30         
        13         28       30.5       20.5       79.8         30         
        14         25       29.5         21      81.55         30         
        15         26       30.5         21      82.05         30         
        16         26       30.5         23       81.9         30         
        17         26       30.5       22.5      80.45         30         
        18         24       29.5       22.5      85.15         30         
        19         24         30         23       84.2         30         
        20         26       30.5       22.5      80.45         30         
        21         23         30       21.5         83         30         
        22         24       30.5       23.5      77.55         30         
        23         27       30.5         20       77.5         30         
        24         20         31       21.5      80.05         30         
        25         19         31         24       83.4         30         
        26         20         29       22.5      84.95         30         
        27         18         30         23       87.7         30         
        28         17       30.5       24.5      86.65         30         
        29         17         31       24.5       85.6         30         
        30         21         32       24.5      83.65         30         
        31         18         32       24.5       82.6         30         
        32         19         32       24.5       82.6         30         
        33         21         32         24      81.55         30         
        34         15       32.5         25      83.75         30         
        35         13       32.5       24.5      83.75         30         
        36         16         32       24.5      83.65         30         
        37         19         32       24.5      83.65         30         
        38         21         33         25       82.8         30         
        39         23       31.5         25       82.5         30         
        40         22       30.5       23.5       85.5         30         
        41         18       28.5       23.5      84.35         30         
        42         21         29       22.5       86.2         30         
        43         26       31.5       21.5       79.2         30         
        44         28       31.5         21      78.15         30         
        45         28         32         19      73.15         30         
        46         27       32.5       18.5       72.5         30         
        47         26       32.5         19      75.55         30         
        48         27       35.5         20       72.5         30         
        49         23         34         24      68.05         30         
        50         25       33.5         23      78.05         30         
        51         27         34       23.5         81         30         
        52         24         33         24       79.8         30         
        53         21         31         23      75.25         30         
        54         23         30         24      85.35         30         
        55         24       30.5       23.5      77.55         30         
        56         25       30.5         22      82.05         30         
        57         27         31         21      80.05         30         
        58         27       32.5         19       72.5         30         
        59         25         32         21       78.4         30         
        60         25       32.5       22.5       78.6         30         
        61         22         31       20.5      78.95         30         
        62         21       32.5         22       78.6         30         
        63         16       27.5         24       88.1         30         
        64         13         27       22.5       89.3         30         
        65         16         28         22       85.7         30         
        66         18       29.5       22.5      85.15         30         
        67         20       29.5         23       86.4         30         
        68         17       29.5       23.5       86.4         30         
        69         14         28       23.5      88.35         30         
        70         12         29       23.5      87.45         30         
        71         18         29         23       86.2         30         
        72         11         29         23       86.2         30         
        73         21         29         22      84.95         30         
        74         20         30         23      85.35         30         
        75         15         29       23.5      87.45         30         
        76          8       26.5       22.5       91.9         30         
        77          8         26       21.5      91.65         30         
        78         16       28.5         23      87.25         30         
        79         21       30.5         21      82.05         30         
        80         23         31       21.5       82.3         30         
        81         18         31         23       84.5         30         
        82         22       31.5         24      83.55         30         
        83         18         30       23.5       84.2         30         
        84         20       28.5         23      85.85         30         
        85         20       29.5         22      83.95         30         
        86         25         30       20.5      79.45         30         
        87         23         30       20.5       81.8         30         
        88         23       29.5       20.5      82.75         30         
        89         22         30         21       81.8         30         
        90         23         30       20.5       81.8         30         
        91         23       30.5         21       80.9         30         
        92         22       30.5         21      82.05         30         
        93         21         30         22       84.2         30         
        94         22       29.5         21      77.35         30         
        95         20         30       19.5       78.3         30         
        96         21       29.5       20.5       80.3         30         
        97         22       29.5         20       80.3         30         
        98         17         29       21.5      82.45         30         
        99         19       28.5       21.5       84.7         30         
       100         18         29         22       83.7         30         
       101         18         28         22       85.7         30         
       102         19       28.5         21       84.7         30         
       103         22         29         21       83.7         30         
       104         20       28.5       19.5       83.4         30         
       105         14         27       22.5       87.4         30         
       106         15         26         22      91.65         30         
       107         13         27       21.5      86.45         30         
       108         19         28       19.5       84.4         30         
       109         20       27.5       20.5      84.05         30         
       110         19         28         21      83.05         30         
       111         18         27         21      86.45         30         
       112         14         28       21.5      87.05         30         
       113         17       27.5       21.5       85.4         30         
       114         17         28       19.5       84.4         30         
       115         15       28.5       21.5       83.4         30         
       116         17         27         23         70         30         
       117         16         26       21.5       82.5         30         
       118         15         26         21      83.95         30         
       119         18         28         21      83.05         30         
       120         18         27         22       89.3         30         
       121         16       28.5       22.5         86         30         
       122         17         27       22.5       90.7         30         
       123         18         29         21       86.2         30         
       124         17         29       20.5      84.95         30         
       125         14       28.5         20      82.15         30         
       126         16       28.5       20.5       84.7         30         
       127         17       28.5       21.5       84.7         30         
       128         17       28.5       21.5       84.7         30         
       129         17       27.5       21.5       85.4         30         
       130         15         28         21       85.7         30         
       131         16         29       21.5      84.95         30         
       132          8         27       22.5       71.2         30         
       133         17         25       20.5       54.8         30         
       134         20       25.5       18.5       62.1         30         
       135         19       25.5         20      77.15         30         
       136         18         26         21         77         30         
       137         16       26.5         18       83.2         30         
       138         18         27       20.5      85.05         30         
       139         16         26         20       85.7         30         
       140         17         27         19      86.45         30         
       141         13         26         20       87.2         30         
       142         10         26         22      90.15         30         
       143          6         24         22       92.8         30         
       144          8       24.5         22       91.5         30         
       145         11         26       20.5       85.5         30         
       146         15       26.5         20       86.1         30         
       147         18       27.5         20      84.05         30         
       148         17       28.5         19       83.4         30         
       149         17         29       20.5       83.7         30         
       150         17         28         19      81.75         30         
       151          9       26.5         20       86.1         30         
       152         15       26.5       21.5      87.55         30         
       153         14       26.5         20       86.1         30         
       154         11         25         20       85.5         30         
       155         11       26.5       19.5       86.1         30         
       156         16       26.5         19       81.8         30         
       157         19       23.5       14.5      61.85         30         
       158         17       24.5       11.5       74.4         30         
       159         19         26         13       75.3         30         
       160         19       26.5       14.5      77.45         30         
       161         18         27         16      80.85         30         
       162         17       27.5       16.5      79.95         30         
       163         18         27         17      82.25         30         
       164         11       25.5       19.5       86.8         30         
       165         12       25.5       20.5       86.6         30         
       166          7         24       20.5       91.9         30         
       167         15       23.5         20      81.25         30         
       168          9       23.5       19.5      86.55         30         
       169         13       24.5       19.5      89.05         30         
       170          9         26       18.5       84.2         30         
       171          6         22         19       91.6         30         
       172         16       23.5       17.5      80.35         30         
       173         11       23.5       16.5       82.8         30         
       174         12       26.5         18       81.8         30         
       175         10       26.5         20       86.1         30         
       176         15       27.5       20.5       86.8         30         
       177         12         26         20       85.7         30         
       178         15       23.5       19.5      91.45         30         
       179         14       26.5         20      87.55         30         
       180         17         23       19.5       75.8         30         
       181         16         21       13.5       57.7         30         
       182         14         24         15      80.15         30         
       183         15       25.5         15      80.65         30         
       184         13       23.5       16.5       86.3         30         
       185         17       21.5       17.5       84.6         30         
       186          9         23       16.5       87.4         30         
       187         16         26       15.5      81.25         30         
       188         19         25         15       78.4         30         
       189         19         23       13.5       70.2         30         
       190         19       23.5       12.5       75.9         30         
       191         17         24       12.5       78.5         30         
       192         15         24       14.5      80.15         30         
       193         17         25       17.5       86.3         30         
       194         17         25         18       86.3         30         
       195         16       25.5         17       83.7         30         
       196          7       21.5       19.5       74.8         30         
       197          6         18       14.5      93.65         30         
       198         12       22.5         13      79.35         30         
       199         10         24         16       75.3         30         
       200          9         25         18      89.45         30         
       201          6       24.5       20.5       92.3         30         
       202          9         25         21      91.05         30         
       203         10       24.5         20      90.65         30         
       204         16       25.5         19      85.25         30         
       205         16       26.5         16      80.35         30         
       206         19         26         16      82.75         30         
       207         19         26       15.5      82.75         30         
       208         18       25.5       16.5       83.7         30         
       209         13         25         18      84.75         30         
       210         18       23.5         18      66.45         30         
       211         18       22.5         14      64.55         30         
       212         20         24         16       79.7         30         
       213         19       24.5         17      84.15         30         
       214         15       24.5         17      84.15         30         
       215         18       26.5       17.5       81.8         30         
       216         19       24.5         16      65.65         30         
       217         20       21.5         10      66.25         30         
       218         19         23         10      73.15         30         
       219         16         23       15.5      82.05         30         
       220         14       22.5         17       83.9         30         
       221         18         23         17       85.6         30         
       222         18       23.5       17.5      80.35         30         
       223         18         24       15.5       85.2         30         
       224         18         25         15       81.6         30         
       225         17         25       15.5      84.75         30         
       226         19         24       15.5       83.5         30         
       227         18         24       16.5      81.85         30         
       228         13         20       17.5       88.2         30         
       229          8         21         17      90.25         30         
       230         14         23       17.5       87.4         30         
       231         14       22.5       17.5       78.1         30         
       232          9         22         17      87.85         30         
       233         18       23.5         16      84.55         30         
       234         19       24.5         17      82.55         30         
       235         19       25.5         17       82.2         30         
       236         20       25.5       16.5       83.7         30         
       237         20         27       16.5      80.85         30         
       238         12         26       20.5       85.5         30         
       239         20         24         19      88.55         30         
       240         23         22         15      48.25         30         
       241         23       22.5       15.5       74.8         30         
       242         17       24.5         15      77.55         30         
       243         18       25.5       18.5      81.55         30         
       244         16         26       18.5       80.6         30         
       245         19         26         19      79.05         30         
       246         19       27.5       19.5       82.7         30         
       247         18         27       17.5      80.85         30         
       248         22       26.5         19      78.15         30         
       249         18         24         20      80.15         30         
       250         19       24.5       19.5       76.7         30         
       251         17         25         20       74.4         30         
       252         19       24.5         19      81.95         30         
       253         16       26.5       19.5      84.65         30         
       254         22       27.5       18.5      81.35         30         
       255         19       27.5       19.5      81.35         30         
       256         13       25.5       19.5       86.8         30         
       257         18       26.5         19      84.65         30         
       258         20       26.5       19.5       86.1         30         
       259         22         27         19      85.05         30         
       260         18       26.5         21      87.55         30         
       261         12       27.5       19.5       82.7         30         
       262         15         28         19      80.45         30         
       263         16         28         20      83.05         30         
       264         18         28         19      83.05         30         
       265         10         28       18.5      81.75         30         
       266         15       26.5       21.5         89         30         
       267         23       28.5         20      82.15         30         
       268         24       28.5         20      78.75         30         
       269         25       28.5         20       83.4         30         
       270         26         30         20      80.65         30         
       271         25       29.5         20      81.55         30         
       272         25       28.5         21       83.4         30         
       273         13       28.5         22       82.6         30         
       274         23       29.5       22.5       82.3         30         
       275         22       28.5       21.5         86         30         
       276         23       28.5       21.5       83.4         30         
       277         19         29       20.5      79.75         30         
       278         23         29         22       72.2         30         
       279         23         27         22      82.35         30         
       280         25       27.5         20         63         30         
       281         27       27.5         20         63         30         
       282         26         28       18.5      62.45         30         
       283         26         28         17       66.4         30         
       284         27       27.5         17      74.95         30         
       285         28         29       15.5      74.95         30         
       286         24         29       17.5       76.2         30         
       287         22       27.5         20      84.05         30         
       288         25         28         21         80         30         
       289         16         25       19.5       86.3         30         
       290         23       26.5         19      78.15         30         
       291         19       27.5         19      79.95         30         
       292         26       28.5       19.5       76.8         30         
       293         25       28.5       20.5      80.65         30         
       294         23         28         21       84.4         30         
       295         24         28       20.5      71.35         30         
       296         20       28.5       19.5      66.35         30         
       297         13         28       19.5      80.45         30         
       298         15       26.5         20      84.65         30         
       299         25         28       18.5      73.45         30         
       300         24       28.5         19      79.55         30         
       301         27       28.5       20.5      77.25         30         
       302         27       29.5       18.5       76.7         30         
       303         27         29       20.5      79.75         30         
       304         27       28.5       21.5      67.95         30         
       305         27       28.5       19.5       76.8         30         
       306         28         29         19       78.7         30         
       307         24       29.5       19.5       79.1         30         
       308         24       29.5         21       80.3         30         
       309         22       29.5       21.5      79.05         30         
       310         24       29.5         22       77.6         30         
       311         24       30.5         23       81.9         30         
       312         25         31       20.5       77.8         30         
       313         25         30         21       70.2         30         
       314         27       30.5       21.5       77.4         30         
       315         25         31       21.5      76.55         30         
       316         25       34.5       22.5       75.6         30         
       317         22         34       23.5      69.35         30         
       318         21       33.5       22.5      67.25         30         
       319         25       31.5         22      77.35         30         
       320         29       31.5       17.5      46.55         30         
       321         27       29.5         17       76.7         30         
       322         27         29       20.5      66.45         30         
       323         21         29         20      67.75         30         
       324         20         29       20.5       73.1         30         
       325         24       29.5         20       80.3         30         
       326         22         29       21.5      76.75         30         
       327         27       29.5         20       79.1         30         
       328         26       29.5       20.5       80.3         30         
       329         25         31         19       76.7         30         
       330         28       30.5         20       77.5         30         
       331         22         31         21      74.95         30         
       332         24         31         22       69.1         30         
       333         24       30.5         22         79         30         
       334         27         30       22.5      75.35         30         
       335         26       31.5         20      75.95         30         
       336         27         31       20.5       77.8         30         
       337         25         33         19      72.85         30         
       338         27         34       19.5      69.25         30         
       339         27         32       21.5      72.05         30         
       340         29         31       20.5       77.8         30         
       341         28         31         21      74.95         30         
       342         25         31         21       62.5         30         
       343         21         31         23       78.1         30         
       344         25       32.5       21.5      71.35         30         
       345         23       31.5         22      71.35         30         
       346         18         29         22      81.65         30         
       347         18         28         22       85.7         30         
       348         20       27.5         22       86.8         30         
       349         20       29.5       21.5      83.95         30         
       350         25       30.5       21.5       79.8         30         
       351         20       31.5         22       80.3         30         
       352         19       30.5         23      78.95         30         
       353         25         31       23.5       79.5         30         
       354         23         31       23.5      73.85         30         
       355         25       30.5       21.5       79.8         30         
       356         29       30.5       22.5       77.5         30         
       357         21         31       20.5       77.8         30         
       358         21       30.5         22         79         30         
       359         21         30         22      79.85         30         
       360         18         30       22.5      78.35         30         
       361         25         31         22      80.05         30         
       362         20         31         22      81.15         30         
       363         20       30.5         22       80.9         30         
       364         17       30.5       22.5       83.2         30         
       365         23       31.5       22.5       80.3         30         
       366         21       31.5       22.5      78.75         30         