name,date,tavg,tmax,tmin,rhmax,rhmin,solar,windrun,et_asce,et_pk,et_asce0
hyk02,2020-01-01,-0.8,9.4,-8.9,0.929,0.47,63.1,203.1,1.9,1.9,1.2
hyk02,2020-01-02,0.8,7.2,-4.2,0.902,0.568,107.4,314.7,1.7,1.7,1.1
hyk02,2020-01-03,-0.4,5.0,-4.7,0.855,0.448,76.2,239.6,1.7,1.3,1.1
hyk02,2020-01-04,4.1,16.1,-4.8,0.893,0.224,97.6,253.7,4.0,1.7,2.4
hyk02,2020-01-05,0.5,8.2,-6.9,0.82,0.232,102.3,312.2,3.1,1.9,1.9
hyk02,2020-01-06,-1.5,6.9,-7.7,0.834,0.255,112.2,376.4,3.1,2.1,1.9
hyk02,2020-01-07,1.3,14.1,-7.8,0.809,0.23,113.4,200.2,3.3,1.7,2.0
hyk02,2020-01-08,-3.6,3.7,-9.3,0.967,0.553,67.1,183.3,1.1,0.9,0.8
hyk02,2020-01-09,1.2,8.8,-4.3,0.791,0.216,96.5,291.5,3.2,1.6,2.0
hyk02,2020-01-10,-8.6,0.5,-23.3,0.987,0.61,49.2,206.1,0.9,0.8,0.6
hyk02,2020-01-11,-10.7,-2.5,-22.2,0.914,0.727,98.1,191.9,0.6,0.7,0.4
hyk02,2020-01-12,-3.1,7.3,-10.1,0.946,0.281,112.3,103.1,1.4,0.5,0.9
hyk02,2020-01-13,-2.8,8.7,-11.7,0.91,0.245,114.1,93.3,1.5,0.5,1.0
hyk02,2020-01-14,-2.6,9.8,-12.1,0.956,0.293,119.1,213.7,2.6,1.2,1.6
hyk02,2020-01-15,-3.2,8.1,-12.7,0.93,0.171,121.3,211.3,2.7,1.5,1.6
hyk02,2020-01-16,-6.3,-1.0,-12.4,0.922,0.428,62.6,416.0,1.6,1.2,1.0
hyk02,2020-01-17,-1.7,5.1,-6.0,0.991,0.47,49.6,496.4,2.2,1.1,1.4
hyk02,2020-01-18,-3.5,4.8,-9.5,0.751,0.257,89.7,332.0,2.8,1.8,1.7
hyk02,2020-01-19,-2.7,8.5,-10.0,0.828,0.256,118.9,161.4,2.2,1.2,1.4
hyk02,2020-01-20,-3.8,7.3,-10.5,0.922,0.346,126.7,197.0,2.0,1.3,1.3
hyk02,2020-01-21,-1.1,7.9,-9.5,0.966,0.467,56.4,222.6,1.9,0.9,1.2
hyk02,2020-01-22,3.4,11.9,-4.5,0.92,0.278,107.2,375.8,3.9,1.9,2.4
hyk02,2020-01-23,-0.4,7.7,-7.3,0.865,0.286,129.4,406.8,3.3,2.2,2.0
hyk02,2020-01-24,-1.0,9.7,-8.9,0.92,0.324,78.5,94.7,1.6,1.0,1.1
hyk02,2020-01-25,3.0,13.1,-8.5,0.904,0.314,123.4,231.1,3.2,1.8,2.0
hyk02,2020-01-26,2.9,12.8,-4.6,0.819,0.26,132.2,212.0,3.2,1.7,2.0
hyk02,2020-01-27,-0.8,3.0,-4.0,0.995,0.664,55.0,142.6,0.9,0.7,0.6
hyk02,2020-01-28,-0.8,7.1,-8.3,0.991,0.439,133.6,270.9,2.1,1.4,1.4
hyk02,2020-01-29,-0.3,8.0,-7.8,0.979,0.48,90.2,153.5,1.6,1.0,1.1
hyk02,2020-01-30,0.4,7.3,-7.0,0.986,0.383,110.0,379.3,2.6,1.5,1.7
hyk02,2020-01-31,1.2,9.8,-6.9,0.842,0.231,126.2,372.7,3.9,2.4,2.4
hyk02,2020-02-01,7.3,18.7,-2.1,0.754,0.159,105.3,344.7,6.2,2.9,3.8
hyk02,2020-02-02,11.3,26.4,-0.9,0.903,0.068,147.8,391.1,9.8,4.8,5.9
hyk02,2020-02-03,-4.3,-0.8,-7.6,0.894,0.305,55.1,578.9,2.3,2.4,1.4
hyk02,2020-02-04,-7.9,-4.1,-12.1,0.951,0.326,104.2,325.0,1.5,1.5,1.0
hyk02,2020-02-05,-8.1,-0.8,-15.6,0.953,0.371,153.4,242.0,1.5,1.4,1.0
hyk02,2020-02-06,-3.0,5.3,-11.3,0.891,0.381,92.3,340.5,2.4,1.2,1.6
hyk02,2020-02-07,-2.1,4.1,-9.0,0.905,0.329,110.6,305.9,2.3,1.2,1.5
hyk02,2020-02-08,3.2,14.8,-6.1,0.926,0.255,145.6,258.6,4.0,1.8,2.5
hyk02,2020-02-09,-2.7,2.1,-10.3,0.907,0.478,90.9,395.7,1.9,1.4,1.2
hyk02,2020-02-10,-3.3,6.0,-11.5,0.913,0.284,150.9,271.9,2.6,1.9,1.7
hyk02,2020-02-11,-4.4,5.9,-12.3,0.924,0.274,164.2,275.9,2.7,2.0,1.8
hyk02,2020-02-12,-4.1,4.9,-11.1,0.942,0.458,125.3,438.4,2.4,1.9,1.5
hyk02,2020-02-13,-10.5,-5.4,-13.7,0.94,0.817,123.7,258.2,0.6,1.0,0.5
hyk02,2020-02-14,-1.6,14.8,-15.4,0.935,0.258,169.9,220.0,4.0,2.1,2.5
hyk02,2020-02-15,0.1,8.9,-6.8,0.833,0.206,159.0,188.1,2.9,1.5,1.9
hyk02,2020-02-16,3.5,11.9,-7.0,0.85,0.287,106.9,208.0,3.1,1.4,2.0
hyk02,2020-02-17,1.3,7.2,-4.6,0.981,0.418,139.2,346.8,2.6,1.8,1.7
hyk02,2020-02-18,-2.0,5.7,-8.7,0.947,0.187,172.0,112.8,2.0,1.6,1.4
hyk02,2020-02-19,-9.1,-6.1,-16.3,0.97,0.833,42.7,311.6,0.4,0.6,0.3
hyk02,2020-02-20,-8.4,3.5,-19.1,0.938,0.376,180.7,166.1,1.8,1.5,1.3
hyk02,2020-02-21,-0.5,15.9,-13.0,0.943,0.068,185.9,118.5,3.6,1.8,2.4
hyk02,2020-02-22,4.3,18.0,-5.3,0.699,0.106,165.2,202.7,5.1,2.1,3.2
hyk02,2020-02-23,2.9,12.6,-5.1,0.857,0.223,97.0,235.0,3.7,2.0,2.4
hyk02,2020-02-24,-0.8,8.8,-8.2,0.961,0.285,88.4,427.0,3.6,2.4,2.3
hyk02,2020-02-25,-6.1,-2.3,-12.3,0.965,0.782,119.1,600.1,0.8,1.4,0.6
hyk02,2020-02-26,-5.9,3.9,-17.5,0.914,0.379,186.6,213.7,2.1,1.8,1.5
hyk02,2020-02-27,0.6,7.3,-5.9,0.841,0.388,140.3,391.7,3.1,1.9,2.1
hyk02,2020-02-28,3.1,13.3,-5.4,0.832,0.24,195.5,294.0,4.4,2.6,2.9
hyk02,2020-02-29,6.8,20.4,-4.8,0.78,0.084,178.5,185.3,5.5,2.7,3.6
hyk02,2020-03-01,3.4,10.2,-2.7,0.934,0.288,176.4,330.6,3.7,3.0,2.5
hyk02,2020-03-02,2.0,11.9,-5.4,0.987,0.183,165.6,324.0,4.4,3.1,2.9
hyk02,2020-03-03,4.9,16.5,-4.8,0.877,0.181,197.9,374.8,6.0,4.3,3.9
hyk02,2020-03-04,7.5,21.5,-5.6,0.921,0.061,211.1,328.8,8.0,4.8,5.1
hyk02,2020-03-05,2.4,11.4,-6.1,0.857,0.173,213.1,298.4,4.5,3.5,3.0
hyk02,2020-03-06,5.9,21.4,-7.9,0.857,0.13,199.5,165.0,5.3,3.4,3.6
hyk02,2020-03-07,8.4,24.2,-4.6,0.871,0.116,204.4,94.6,4.3,2.8,3.1
hyk02,2020-03-08,10.7,23.2,-2.5,0.891,0.167,181.4,341.4,7.8,4.7,5.0
hyk02,2020-03-09,3.8,12.9,-0.4,0.98,0.505,130.9,245.0,2.7,2.4,2.0
hyk02,2020-03-10,7.0,17.9,-2.2,0.998,0.258,154.9,130.7,3.5,2.5,2.5
hyk02,2020-03-11,10.1,21.6,-4.1,0.982,0.121,205.9,153.7,5.1,3.4,3.5
hyk02,2020-03-12,5.7,11.7,0.5,0.923,0.418,131.5,376.5,3.5,3.1,2.4
hyk02,2020-03-13,-0.8,2.5,-3.5,0.991,0.51,51.7,441.4,1.7,1.7,1.1
hyk02,2020-03-14,-3.0,-1.7,-4.1,0.997,0.974,86.8,70.8,0.7,1.1,0.7
hyk02,2020-03-15,-1.3,0.3,-3.2,1.0,0.972,86.2,199.8,0.6,0.8,0.6
hyk02,2020-03-16,1.4,4.8,-0.8,1.008,0.797,80.7,254.5,1.1,0.7,0.9
hyk02,2020-03-17,1.1,3.3,-1.6,0.993,0.877,45.2,368.7,0.6,0.3,0.5
hyk02,2020-03-18,6.1,10.3,2.3,1.012,0.759,89.8,218.5,1.4,0.7,1.2
hyk02,2020-03-19,1.0,6.4,-7.5,1.012,0.857,36.7,664.1,0.8,0.3,0.5
hyk02,2020-03-20,-6.9,-2.1,-11.6,0.902,0.546,162.5,296.5,1.5,1.8,1.1
hyk02,2020-03-21,2.0,14.5,-8.4,0.945,0.285,227.8,191.7,4.0,2.8,2.9
hyk02,2020-03-22,5.5,15.1,-3.1,0.987,0.287,177.1,210.1,4.0,2.2,2.8
hyk02,2020-03-23,7.3,17.3,-5.1,0.933,0.236,193.2,240.5,5.0,3.0,3.4
hyk02,2020-03-24,10.4,20.8,0.6,0.957,0.147,251.3,263.5,6.6,4.3,4.6
hyk02,2020-03-25,9.4,19.5,-0.9,0.955,0.224,238.5,230.8,5.6,4.0,3.9
hyk02,2020-03-26,3.9,7.5,0.3,1.001,0.708,88.6,217.5,1.5,1.5,1.2
hyk02,2020-03-27,4.9,7.6,2.8,1.0,0.734,59.8,127.1,1.0,1.0,0.9
hyk02,2020-03-28,2.6,8.8,-1.3,1.02,0.445,112.8,494.2,3.0,2.3,2.1
hyk02,2020-03-29,6.3,15.3,-1.2,0.89,0.205,243.6,188.4,4.6,3.4,3.4
hyk02,2020-03-30,7.0,15.1,0.6,1.006,0.428,152.9,167.7,3.1,2.3,2.3
hyk02,2020-03-31,11.2,21.9,1.2,1.015,0.134,222.1,248.8,6.6,4.3,4.6
hyk02,2020-04-01,8.6,19.1,-3.4,0.987,0.391,181.4,250.4,4.6,3.4,3.3
hyk02,2020-04-02,-6.0,1.2,-8.9,0.994,0.793,74.1,546.2,0.9,2.3,0.7
hyk02,2020-04-03,-3.1,6.2,-11.6,0.848,0.254,272.0,308.5,3.6,3.7,2.6
hyk02,2020-04-04,4.0,15.1,-6.9,0.889,0.241,273.6,376.7,5.9,4.8,4.0
hyk02,2020-04-05,7.0,19.9,-4.2,1.014,0.335,255.0,305.1,5.9,4.0,4.1
hyk02,2020-04-06,11.7,25.8,0.7,1.018,0.121,249.4,155.8,6.4,3.9,4.6
hyk02,2020-04-07,16.5,25.9,7.0,0.644,0.092,277.7,299.3,9.5,6.2,6.4
hyk02,2020-04-08,11.4,19.6,-0.7,0.926,0.23,277.7,313.1,6.7,5.8,4.7
hyk02,2020-04-09,5.2,15.6,-4.7,0.917,0.181,255.0,194.9,4.9,4.7,3.6
hyk02,2020-04-10,9.8,24.5,-5.5,0.831,0.168,264.2,277.4,8.4,6.2,5.7
hyk02,2020-04-11,11.9,23.6,0.4,0.913,0.139,260.8,293.7,8.2,5.6,5.6
hyk02,2020-04-12,-4.6,2.4,-10.7,0.972,0.584,148.3,609.2,2.0,3.0,1.4
hyk02,2020-04-13,-4.6,1.8,-12.0,0.89,0.259,226.0,222.7,2.6,3.0,1.9
hyk02,2020-04-14,0.4,9.0,-10.4,0.925,0.153,254.1,322.3,4.5,4.0,3.2
hyk02,2020-04-15,4.3,13.9,-7.4,0.922,0.241,202.5,267.9,4.7,3.3,3.3
hyk02,2020-04-16,-3.2,1.1,-9.9,1.015,0.838,110.4,440.5,0.9,1.0,0.7
hyk02,2020-04-17,-1.8,10.0,-12.1,0.95,0.289,300.2,244.6,4.0,3.6,3.0
hyk02,2020-04-18,9.6,20.6,-2.7,0.81,0.139,271.9,247.2,7.1,4.7,4.9
hyk02,2020-04-19,8.1,18.9,-2.4,0.949,0.23,279.2,182.1,5.4,4.0,4.1
hyk02,2020-04-20,9.8,20.6,0.3,0.941,0.184,258.1,260.3,6.7,5.0,4.7
hyk02,2020-04-21,11.6,24.3,0.9,0.934,0.187,283.0,234.6,7.5,5.7,5.3
hyk02,2020-04-22,12.1,24.0,-1.1,1.007,0.135,273.5,253.9,7.9,6.0,5.5
hyk02,2020-04-23,14.2,22.6,3.4,0.896,0.161,260.9,377.7,8.6,6.7,5.9
hyk02,2020-04-24,7.9,12.9,3.5,0.978,0.56,134.3,359.1,3.1,2.7,2.3
hyk02,2020-04-25,9.5,17.9,2.0,0.937,0.227,279.7,285.1,6.1,5.4,4.5
hyk02,2020-04-26,13.8,26.5,0.5,0.916,0.142,238.8,209.4,7.7,5.6,5.4
hyk02,2020-04-27,17.3,27.6,6.2,0.868,0.132,305.3,222.0,8.6,6.4,6.2
hyk02,2020-04-28,14.6,21.1,4.0,0.84,0.163,286.8,561.5,9.6,8.3,6.5
hyk02,2020-04-29,12.2,22.0,2.5,0.716,0.107,322.1,359.0,9.3,8.2,6.4
hyk02,2020-04-30,16.1,29.8,0.4,0.824,0.138,259.5,283.0,10.4,7.8,7.0
hyk02,2020-05-01,20.9,29.2,11.5,0.886,0.136,291.8,356.0,10.8,8.0,7.5
hyk02,2020-05-02,12.6,17.1,9.6,0.981,0.599,112.5,317.2,3.2,2.9,2.4
hyk02,2020-05-03,15.0,24.2,5.7,1.007,0.439,286.1,303.2,6.4,5.9,4.9
hyk02,2020-05-04,11.0,16.7,3.1,1.002,0.553,178.6,408.9,4.0,3.6,3.0
hyk02,2020-05-05,11.4,20.2,3.1,0.949,0.217,315.3,251.8,6.7,6.2,5.0
hyk02,2020-05-06,10.7,19.4,1.5,0.956,0.285,308.6,205.1,5.8,5.6,4.5
hyk02,2020-05-07,11.5,19.9,4.3,0.806,0.186,313.4,501.7,8.9,8.0,6.1
hyk02,2020-05-08,8.2,15.2,3.9,0.83,0.268,286.0,290.1,5.7,5.6,4.3
hyk02,2020-05-09,8.9,15.6,1.4,0.813,0.16,289.7,379.2,6.9,6.5,4.8
hyk02,2020-05-10,7.8,15.6,0.1,0.895,0.295,231.7,179.7,4.5,4.5,3.5
hyk02,2020-05-11,1.2,2.8,-2.5,1.02,0.691,44.8,401.6,1.1,1.0,0.8
hyk02,2020-05-12,4.1,7.3,0.9,1.021,0.88,72.3,452.0,0.9,1.0,0.7
hyk02,2020-05-13,11.8,20.9,5.5,1.009,0.489,235.4,286.9,5.1,3.9,3.9
hyk02,2020-05-14,16.1,23.9,7.7,1.011,0.222,287.0,254.9,7.3,5.5,5.4
hyk02,2020-05-15,14.0,22.1,8.2,1.003,0.488,157.6,258.6,4.5,3.4,3.4
hyk02,2020-05-16,13.6,19.9,6.4,1.006,0.362,256.9,303.7,5.8,5.1,4.4
hyk02,2020-05-17,12.0,20.9,3.9,0.982,0.41,316.8,192.5,5.6,5.7,4.5
hyk02,2020-05-18,14.4,23.4,4.3,0.998,0.481,298.7,257.9,5.9,5.7,4.7
hyk02,2020-05-19,16.7,25.7,7.5,0.995,0.511,302.8,399.2,7.0,6.5,5.3
hyk02,2020-05-20,18.3,24.5,13.0,0.892,0.481,309.0,561.8,8.0,7.5,5.8
hyk02,2020-05-21,16.5,22.4,12.4,0.992,0.442,270.5,249.5,5.7,5.2,4.6
hyk02,2020-05-22,17.7,25.3,11.1,0.969,0.255,283.8,208.3,7.0,6.0,5.4
hyk02,2020-05-23,16.6,24.4,9.0,0.956,0.498,220.8,391.0,6.2,5.9,4.6
hyk02,2020-05-24,13.6,20.0,8.9,0.964,0.428,225.0,511.8,6.2,6.5,4.5
hyk02,2020-05-25,12.3,18.8,6.3,0.972,0.335,237.6,310.7,5.7,5.5,4.3
hyk02,2020-05-26,15.1,24.6,4.9,0.914,0.206,317.7,156.9,6.8,6.6,5.3
hyk02,2020-05-27,19.0,28.3,8.9,0.899,0.214,332.9,112.1,6.8,6.6,5.6
hyk02,2020-05-28,17.5,24.8,10.3,0.976,0.393,263.1,204.9,6.0,5.6,4.8
hyk02,2020-05-29,19.0,27.6,8.8,0.937,0.374,322.8,352.7,8.6,8.1,6.4
hyk02,2020-05-30,18.9,25.4,13.1,0.976,0.478,272.2,342.4,6.7,6.4,5.1
hyk02,2020-05-31,22.1,32.1,10.9,0.989,0.291,301.9,180.5,8.0,7.2,6.2
hyk02,2020-06-01,27.0,36.5,16.5,0.758,0.14,318.2,191.9,10.4,8.7,7.7
hyk02,2020-06-02,24.8,34.2,15.5,0.896,0.206,265.6,286.1,10.5,8.7,7.5
hyk02,2020-06-03,21.0,33.7,11.5,0.974,0.14,277.3,156.4,8.4,7.7,6.3
hyk02,2020-06-04,23.6,35.2,14.1,0.835,0.114,290.4,199.2,10.1,9.1,7.3
hyk02,2020-06-05,24.4,33.7,11.5,0.823,0.207,327.9,284.9,11.3,10.0,8.1
hyk02,2020-06-06,26.2,35.5,17.8,0.833,0.143,222.3,466.6,14.2,10.9,9.4
hyk02,2020-06-07,28.5,37.0,19.1,0.634,0.114,322.9,829.0,22.1,18.5,14.3
hyk02,2020-06-08,22.3,30.2,11.7,0.955,0.248,329.5,430.4,11.2,11.1,8.0
hyk02,2020-06-09,10.1,13.5,8.0,0.965,0.706,59.4,688.8,2.4,4.1,1.6
hyk02,2020-06-10,15.5,24.4,6.5,0.893,0.256,329.3,240.9,7.7,8.1,5.9
hyk02,2020-06-11,20.1,29.0,9.1,0.891,0.173,342.4,205.3,8.9,8.2,6.7
hyk02,2020-06-12,21.8,30.9,10.0,0.942,0.185,337.3,249.3,9.9,8.5,7.3
hyk02,2020-06-13,23.1,33.1,10.3,0.974,0.232,331.5,318.0,11.2,10.1,8.0
hyk02,2020-06-14,26.7,34.9,18.8,0.556,0.143,273.6,496.4,16.0,12.9,10.6
hyk02,2020-06-15,26.1,34.7,17.2,0.568,0.124,319.6,319.0,13.3,11.1,9.2
hyk02,2020-06-16,26.7,34.8,18.0,0.531,0.162,318.9,633.8,18.1,15.8,12.0
hyk02,2020-06-17,27.3,35.4,17.1,0.723,0.152,321.4,449.3,15.1,13.1,10.3
hyk02,2020-06-18,19.3,24.9,13.4,0.77,0.251,228.4,424.9,9.2,9.5,6.3
hyk02,2020-06-19,16.7,23.8,11.2,0.994,0.336,217.5,197.5,5.6,6.0,4.4
hyk02,2020-06-20,20.9,33.1,10.8,1.006,0.091,312.6,181.1,9.4,8.7,7.0
hyk02,2020-06-21,21.5,29.9,12.3,0.963,0.196,260.0,269.2,9.0,8.1,6.5
hyk02,2020-06-22,19.8,30.4,11.5,0.968,0.207,296.3,228.5,8.8,8.3,6.6
hyk02,2020-06-23,21.8,31.2,11.0,0.96,0.211,333.1,157.1,8.2,8.3,6.5
hyk02,2020-06-24,23.5,34.1,12.0,0.961,0.194,334.7,209.3,9.9,8.9,7.5
hyk02,2020-06-25,24.2,37.6,14.7,0.963,0.135,224.3,149.2,8.4,7.6,6.2
hyk02,2020-06-26,22.1,30.4,13.6,0.94,0.305,294.3,266.9,8.7,8.2,6.5
hyk02,2020-06-27,23.9,35.5,15.1,0.98,0.112,328.0,226.9,10.9,9.7,8.0
hyk02,2020-06-28,26.1,35.7,13.8,0.838,0.175,322.1,244.2,11.2,10.3,8.1
hyk02,2020-06-29,30.0,36.3,20.5,0.852,0.115,426.9,233.7,12.7,12.0,9.8
hyk02,2020-06-30,21.4,29.0,10.2,0.853,0.182,328.7,419.1,11.6,11.8,8.1
hyk02,2020-07-01,21.6,31.4,8.3,0.911,0.135,340.9,214.7,9.9,9.8,7.3
hyk02,2020-07-02,20.7,30.1,14.3,0.986,0.241,128.7,248.0,7.0,5.2,4.9
hyk02,2020-07-03,22.5,32.2,11.7,0.967,0.327,321.5,258.7,9.2,8.4,6.9
hyk02,2020-07-04,23.0,31.1,12.9,0.911,0.282,312.5,215.2,8.6,8.1,6.6
hyk02,2020-07-05,22.9,31.9,13.9,0.968,0.311,268.5,163.5,7.2,6.9,5.7
hyk02,2020-07-06,24.6,34.3,14.0,0.968,0.239,328.8,248.9,10.2,9.5,7.6
hyk02,2020-07-07,26.4,34.3,16.3,0.933,0.152,309.6,478.0,14.1,12.1,9.7
hyk02,2020-07-08,26.0,37.0,16.0,0.877,0.144,319.9,150.8,9.3,9.0,7.2
hyk02,2020-07-09,22.6,31.4,12.6,0.968,0.374,272.3,253.6,8.0,7.8,6.1
hyk02,2020-07-10,26.0,35.6,15.0,0.986,0.313,310.0,328.8,10.9,9.9,7.9
hyk02,2020-07-11,23.8,32.8,16.5,0.972,0.309,283.2,238.0,8.6,8.2,6.6
hyk02,2020-07-12,25.1,36.7,16.3,0.98,0.242,301.7,390.5,12.7,11.4,8.9
hyk02,2020-07-13,24.7,36.7,16.3,0.937,0.205,246.4,298.8,11.1,9.8,7.8
hyk02,2020-07-14,18.6,23.7,15.5,0.978,0.615,146.2,257.0,4.0,4.6,3.1
hyk02,2020-07-15,19.5,26.9,14.8,0.985,0.442,239.7,201.7,5.9,6.3,4.7
hyk02,2020-07-16,23.6,34.5,13.8,0.992,0.303,301.0,265.6,9.7,8.7,7.2
hyk02,2020-07-17,26.1,36.5,15.9,0.984,0.178,316.1,132.0,8.4,7.9,6.7
hyk02,2020-07-18,25.6,35.2,18.0,0.92,0.19,195.9,232.5,8.9,7.6,6.3
hyk02,2020-07-19,23.0,32.4,16.0,0.994,0.359,294.2,260.3,8.5,8.3,6.5
hyk02,2020-07-20,22.0,32.2,15.4,0.986,0.341,277.9,241.2,8.2,7.8,6.3
hyk02,2020-07-21,21.1,29.0,14.5,0.986,0.398,283.3,236.3,7.2,7.3,5.6
hyk02,2020-07-22,24.2,32.8,15.4,0.978,0.369,289.5,316.8,9.1,8.4,6.8
hyk02,2020-07-23,24.1,32.0,18.6,0.946,0.362,191.9,348.5,8.3,7.3,5.9
hyk02,2020-07-24,24.1,34.0,17.5,0.982,0.331,279.9,300.1,9.4,8.1,7.0
hyk02,2020-07-25,23.7,32.8,17.1,0.986,0.402,241.2,123.2,6.0,5.9,5.0
hyk02,2020-07-26,21.8,26.3,18.0,0.994,0.589,173.6,210.9,4.4,4.3,3.6
hyk02,2020-07-27,22.6,28.6,17.5,0.999,0.487,257.1,159.9,5.7,5.6,4.8
hyk02,2020-07-28,22.4,29.2,16.3,0.999,0.367,292.8,174.5,6.8,6.4,5.5
hyk02,2020-07-29,23.2,31.9,14.3,0.989,0.282,286.8,136.5,7.0,6.8,5.6
hyk02,2020-07-30,18.4,24.0,15.7,0.974,0.604,127.2,243.0,3.8,3.8,2.9
hyk02,2020-07-31,20.1,29.0,13.9,0.981,0.313,259.0,136.7,6.1,5.9,5.0
hyk02,2020-08-01,20.8,28.5,12.2,0.978,0.37,300.7,146.1,6.4,6.4,5.3
hyk02,2020-08-02,18.9,25.4,13.9,0.986,0.42,252.0,176.6,5.6,5.6,4.5
hyk02,2020-08-03,19.0,25.5,13.3,0.997,0.481,276.4,282.0,6.2,6.3,4.9
hyk02,2020-08-04,19.5,25.8,13.5,0.962,0.563,265.0,282.2,5.8,5.8,4.6
hyk02,2020-08-05,21.6,30.8,13.8,0.992,0.375,272.3,153.9,6.5,5.9,5.3
hyk02,2020-08-06,21.7,28.8,14.4,0.975,0.565,269.7,270.6,6.2,6.1,5.0
hyk02,2020-08-07,24.3,33.0,14.1,1.001,0.314,294.0,195.9,8.0,7.0,6.2
hyk02,2020-08-08,23.2,32.8,13.7,0.982,0.269,243.6,168.6,7.2,6.4,5.5
hyk02,2020-08-09,22.5,34.5,11.5,0.984,0.248,296.4,89.0,6.6,6.6,5.4
hyk02,2020-08-10,20.7,28.7,13.4,0.998,0.477,266.0,217.6,6.2,6.3,5.0
hyk02,2020-08-11,21.3,31.9,13.3,1.002,0.145,204.1,229.9,8.4,6.3,5.9
hyk02,2020-08-12,22.9,29.8,15.4,0.938,0.372,272.3,344.0,8.4,7.8,6.2
hyk02,2020-08-13,25.0,34.0,18.1,0.971,0.213,275.6,203.3,8.5,6.9,6.4
hyk02,2020-08-14,21.6,29.5,14.6,0.984,0.316,277.2,234.9,7.5,7.2,5.7
hyk02,2020-08-15,21.6,29.9,13.0,0.991,0.484,218.6,224.6,6.0,5.8,4.6
hyk02,2020-08-16,22.2,34.2,14.8,0.998,0.358,238.9,83.4,5.4,5.3,4.6
hyk02,2020-08-17,22.3,31.3,13.3,0.996,0.294,273.3,198.7,7.5,6.9,5.7
hyk02,2020-08-18,23.8,35.2,13.5,0.912,0.201,255.7,151.0,7.8,6.8,5.8
hyk02,2020-08-19,23.1,32.1,16.0,0.957,0.34,235.0,144.7,6.2,5.8,4.9
hyk02,2020-08-20,23.2,32.0,14.5,0.975,0.295,244.0,166.1,6.8,6.2,5.2
hyk02,2020-08-21,24.0,33.7,15.5,0.968,0.263,230.1,117.8,6.2,5.8,4.9
hyk02,2020-08-22,23.0,33.4,13.7,0.96,0.304,220.9,99.5,5.5,5.3,4.5
hyk02,2020-08-23,23.9,34.4,14.3,0.963,0.243,239.6,139.4,6.9,6.2,5.3
hyk02,2020-08-24,23.8,34.2,12.6,0.984,0.276,220.3,210.1,7.9,7.0,5.7
hyk02,2020-08-25,24.2,35.5,14.5,0.866,0.243,229.6,222.4,8.9,7.6,6.3
hyk02,2020-08-26,23.9,35.1,13.2,0.923,0.246,217.8,131.8,6.7,6.0,5.0
hyk02,2020-08-27,23.4,33.2,14.4,0.958,0.288,185.5,113.8,5.4,5.1,4.2
hyk02,2020-08-28,21.6,30.6,13.3,0.949,0.289,195.3,286.9,7.9,7.1,5.5
hyk02,2020-08-29,18.8,27.9,9.7,1.001,0.385,216.3,219.8,6.1,5.6,4.5
hyk02,2020-08-30,22.9,35.1,14.5,0.997,0.104,247.8,287.5,10.9,8.6,7.4
hyk02,2020-08-31,16.6,23.5,10.5,0.854,0.293,242.1,272.4,6.7,7.0,4.8
hyk02,2020-09-01,17.9,29.0,10.0,0.983,0.164,254.2,133.6,6.2,5.7,4.8
hyk02,2020-09-02,19.6,32.1,7.2,0.905,0.143,262.3,131.3,7.0,6.4,5.2
hyk02,2020-09-03,17.9,25.8,9.4,0.905,0.205,250.9,215.7,6.9,6.4,5.0
hyk02,2020-09-04,20.3,33.5,8.3,0.921,0.136,252.4,129.7,7.1,6.0,5.2
hyk02,2020-09-05,23.5,35.4,11.7,0.923,0.169,240.5,205.8,9.0,6.9,6.3
hyk02,2020-09-06,23.9,35.3,11.9,0.886,0.12,245.5,233.7,10.0,8.1,6.8
hyk02,2020-09-07,15.1,25.4,5.3,0.969,0.392,177.9,317.1,6.3,6.3,4.4
hyk02,2020-09-08,2.4,5.8,0.5,0.989,0.834,37.6,483.9,0.8,2.4,0.6
hyk02,2020-09-09,1.7,6.7,-1.2,0.998,0.671,85.7,165.8,1.4,2.1,1.2
hyk02,2020-09-10,7.4,13.9,-1.0,0.985,0.508,130.8,67.3,2.0,1.8,1.7
hyk02,2020-09-11,11.6,20.4,7.3,0.996,0.396,162.7,135.3,3.6,2.2,2.8
hyk02,2020-09-12,14.7,25.4,5.9,0.973,0.178,245.8,185.3,6.3,4.6,4.6
hyk02,2020-09-13,17.4,30.2,5.0,0.924,0.136,248.4,96.0,5.5,4.4,4.2
hyk02,2020-09-14,16.7,28.1,6.1,0.969,0.263,196.8,180.4,6.0,4.8,4.3
hyk02,2020-09-15,17.6,30.9,8.3,0.987,0.203,211.1,120.2,5.6,4.5,4.2
hyk02,2020-09-16,14.9,22.9,7.2,0.969,0.342,185.4,230.5,5.2,4.7,3.7
hyk02,2020-09-17,15.5,28.1,6.2,0.99,0.34,186.6,144.9,5.0,4.2,3.7
hyk02,2020-09-18,14.8,25.8,5.1,1.007,0.397,168.8,155.2,4.4,3.9,3.3
hyk02,2020-09-19,18.3,28.8,7.6,0.96,0.252,189.9,270.5,7.5,5.8,5.1
hyk02,2020-09-20,19.2,29.3,9.5,0.886,0.185,200.3,128.4,5.5,4.4,4.0
hyk02,2020-09-21,18.0,30.7,10.1,0.967,0.277,204.4,63.5,4.0,3.6,3.3
hyk02,2020-09-22,17.7,30.0,5.7,0.982,0.175,206.5,161.8,6.5,5.3,4.5
hyk02,2020-09-23,19.8,31.7,8.7,0.916,0.166,201.0,116.5,5.6,4.7,4.1
hyk02,2020-09-24,19.6,33.7,9.7,0.754,0.092,199.9,144.3,7.1,5.4,4.8
hyk02,2020-09-25,18.1,30.3,8.3,0.87,0.176,196.4,149.4,6.1,5.1,4.3
hyk02,2020-09-26,17.7,26.3,10.8,0.839,0.256,57.4,143.9,4.0,3.1,2.7
hyk02,2020-09-27,11.1,16.5,3.2,0.841,0.206,96.8,301.5,5.0,4.2,3.3
hyk02,2020-09-28,9.1,18.1,2.0,0.77,0.176,214.9,345.7,6.5,6.4,4.3
hyk02,2020-09-29,14.2,27.6,1.6,0.601,0.134,203.0,257.8,8.5,6.5,5.5
hyk02,2020-09-30,13.4,22.6,3.8,0.724,0.21,207.2,299.3,7.0,5.7,4.6
hyk02,2020-10-01,8.4,18.7,0.0,0.781,0.179,179.4,158.9,4.4,3.9,3.1
hyk02,2020-10-02,11.4,25.2,-2.1,0.883,0.147,196.1,146.8,5.5,4.4,3.7
hyk02,2020-10-03,11.1,20.0,2.9,0.828,0.227,200.3,276.4,5.8,4.9,3.9
hyk02,2020-10-04,14.7,28.4,1.4,0.863,0.127,199.5,144.7,6.0,4.3,4.0
hyk02,2020-10-05,17.2,30.2,3.7,0.797,0.107,185.4,298.7,9.8,7.1,6.2
hyk02,2020-10-06,15.9,30.8,3.3,0.833,0.088,190.9,120.2,5.8,4.3,3.9
hyk02,2020-10-07,17.0,29.5,5.5,0.83,0.116,178.6,195.9,7.1,5.4,4.7
hyk02,2020-10-08,13.6,29.4,1.3,0.923,0.184,182.1,93.8,4.5,3.9,3.2
hyk02,2020-10-09,17.5,31.5,5.0,0.774,0.052,179.7,204.0,8.3,5.9,5.2
hyk02,2020-10-10,14.6,26.9,1.8,0.792,0.149,176.5,245.9,7.5,5.6,4.8
hyk02,2020-10-11,11.5,30.1,0.6,0.96,0.098,100.2,292.4,9.4,6.4,5.8
hyk02,2020-10-12,11.5,25.3,-2.6,0.798,0.111,189.9,271.5,7.9,6.5,5.0
hyk02,2020-10-13,13.4,21.1,0.0,0.745,0.214,186.9,310.4,6.5,5.6,4.2
hyk02,2020-10-14,11.6,17.0,6.4,0.63,0.279,136.8,385.2,5.9,4.8,3.8
hyk02,2020-10-15,4.5,11.4,-0.9,0.84,0.31,122.8,228.3,3.2,2.9,2.1
hyk02,2020-10-16,7.4,18.2,-3.9,0.894,0.183,175.5,236.9,5.0,4.0,3.3
hyk02,2020-10-17,9.8,21.5,-0.6,0.926,0.221,90.0,305.5,6.0,4.1,3.8
hyk02,2020-10-18,-0.3,1.6,-2.3,0.967,0.699,32.7,270.2,0.9,1.2,0.6
hyk02,2020-10-19,4.7,13.4,-4.0,0.945,0.468,159.7,251.5,2.9,2.6,2.0
hyk02,2020-10-20,7.3,17.7,-1.8,0.937,0.312,142.4,267.2,4.4,3.1,2.8
hyk02,2020-10-21,7.4,15.1,-0.5,1.0,0.528,141.6,346.0,3.1,2.3,2.1
hyk02,2020-10-22,1.2,7.0,-3.2,1.0,0.794,47.1,461.5,1.1,1.4,0.8
hyk02,2020-10-23,-4.0,-0.6,-8.0,0.94,0.551,55.7,266.1,1.2,1.4,0.8
hyk02,2020-10-24,-3.9,-1.0,-8.1,0.952,0.737,43.4,364.9,0.8,0.9,0.6
hyk02,2020-10-25,-7.5,-2.9,-12.3,0.978,0.856,38.8,344.4,0.4,0.7,0.3
hyk02,2020-10-26,-12.5,-8.2,-16.5,0.914,0.71,99.5,152.9,0.6,0.8,0.4
hyk02,2020-10-27,-8.0,2.5,-17.7,0.886,0.552,167.4,183.9,1.4,1.2,1.0
hyk02,2020-10-28,1.0,11.8,-6.7,0.966,0.442,132.5,279.9,2.8,1.5,1.9
hyk02,2020-10-29,7.2,19.4,-2.7,0.963,0.253,151.4,211.9,4.3,1.9,2.8
hyk02,2020-10-30,9.1,22.0,-0.7,0.922,0.224,150.8,177.6,4.4,2.2,2.8
hyk02,2020-10-31,7.5,15.9,-1.6,0.96,0.263,145.3,331.5,4.5,3.5,2.9
hyk02,2020-11-01,3.9,18.4,-8.9,0.955,0.26,147.8,148.6,3.5,2.7,2.2
hyk02,2020-11-02,10.5,26.4,-0.1,0.792,0.095,147.6,125.6,4.6,2.6,2.9
hyk02,2020-11-03,13.6,29.2,2.4,0.654,0.068,146.6,128.6,5.2,2.7,3.2
hyk02,2020-11-04,14.8,26.8,5.3,0.648,0.103,139.9,218.2,6.6,3.8,4.0
hyk02,2020-11-05,11.9,25.5,1.7,0.724,0.126,138.9,194.9,5.8,3.9,3.5
hyk02,2020-11-06,12.9,27.2,-1.0,0.748,0.122,124.2,244.4,7.4,4.8,4.5
hyk02,2020-11-07,16.2,26.2,6.2,0.623,0.145,112.7,433.4,9.6,6.2,5.8
hyk02,2020-11-08,12.5,20.1,1.0,0.853,0.112,133.0,460.0,7.6,4.6,4.6
hyk02,2020-11-09,-1.0,8.5,-4.4,0.967,0.566,42.1,421.5,2.1,3.0,1.4
hyk02,2020-11-10,-2.4,4.8,-6.4,0.978,0.499,120.4,148.3,1.3,1.7,0.9
hyk02,2020-11-11,1.0,11.0,-5.2,0.899,0.227,132.4,256.2,3.3,2.3,2.1
hyk02,2020-11-12,-3.6,4.4,-9.2,0.956,0.389,111.0,198.6,1.7,1.4,1.1
hyk02,2020-11-13,1.2,16.8,-8.5,0.828,0.118,132.2,250.1,5.0,2.8,3.0
hyk02,2020-11-14,3.1,11.8,-3.8,0.756,0.159,45.3,440.8,5.1,3.1,3.1
hyk02,2020-11-15,3.7,13.4,-4.4,0.593,0.135,94.9,312.1,4.9,3.0,3.0
hyk02,2020-11-16,6.9,16.0,-4.8,0.873,0.286,118.8,171.1,3.0,1.8,1.9
hyk02,2020-11-17,5.2,21.4,-6.4,0.924,0.188,114.9,95.4,2.8,1.6,1.8
hyk02,2020-11-18,9.4,24.3,-2.8,0.785,0.134,70.7,98.6,3.4,1.6,2.1
hyk02,2020-11-19,9.6,19.6,-1.6,0.844,0.211,115.6,255.5,4.8,2.9,2.9
hyk02,2020-11-20,4.0,13.8,-2.7,0.836,0.166,107.1,92.3,2.0,1.6,1.3
hyk02,2020-11-21,1.2,10.6,-6.8,0.958,0.43,75.4,175.4,2.0,1.8,1.3
hyk02,2020-11-22,-1.0,9.9,-8.3,0.757,0.172,120.3,195.4,2.9,2.1,1.8
hyk02,2020-11-23,5.3,14.0,-3.9,0.985,0.548,70.8,319.7,2.5,1.5,1.6
hyk02,2020-11-24,0.1,3.9,-6.1,0.991,0.544,27.1,330.6,1.5,0.8,0.9
hyk02,2020-11-25,0.3,14.4,-8.8,0.897,0.198,117.5,202.4,3.4,2.0,2.1
hyk02,2020-11-26,0.4,8.2,-6.8,0.923,0.496,113.0,168.2,1.5,1.2,1.0
hyk02,2020-11-27,-0.8,9.7,-8.2,0.874,0.296,113.9,167.0,2.2,1.4,1.3
hyk02,2020-11-28,1.5,14.2,-6.0,0.894,0.201,114.6,208.5,3.4,1.9,2.0
hyk02,2020-11-29,-3.6,4.4,-12.4,0.731,0.186,112.4,312.6,2.8,2.0,1.7
hyk02,2020-11-30,-1.4,14.1,-11.0,0.845,0.096,114.1,147.6,3.1,1.7,1.8
hyk02,2020-12-01,1.2,9.3,-10.8,0.796,0.263,76.9,460.6,4.0,2.9,2.4
hyk02,2020-12-02,-3.6,-1.9,-10.3,0.942,0.628,24.0,459.4,1.0,0.6,0.7
hyk02,2020-12-03,-3.0,7.9,-11.4,0.916,0.144,109.5,260.4,3.0,1.9,1.8
hyk02,2020-12-04,3.4,15.9,-6.5,0.67,0.169,108.7,271.3,4.7,2.3,2.8
hyk02,2020-12-05,2.4,13.5,-5.3,0.702,0.224,107.4,225.7,3.5,1.7,2.1
hyk02,2020-12-06,1.5,13.7,-7.2,0.792,0.197,105.9,177.6,3.0,1.7,1.8
hyk02,2020-12-07,4.1,17.2,-3.4,0.547,0.108,110.3,295.8,5.6,3.1,3.3
hyk02,2020-12-08,6.2,18.9,-2.3,0.432,0.069,98.4,244.5,5.6,2.8,3.3
hyk02,2020-12-09,6.8,20.1,-3.3,0.621,0.125,104.4,148.3,3.8,2.0,2.2
hyk02,2020-12-10,0.7,4.3,-2.8,0.97,0.237,47.6,422.5,2.7,1.9,1.7
hyk02,2020-12-11,-2.1,0.7,-6.7,0.985,0.629,53.7,297.6,1.0,1.0,0.7
hyk02,2020-12-12,-5.1,1.1,-13.1,0.947,0.552,61.6,103.8,0.8,0.8,0.5
hyk02,2020-12-13,-6.0,1.7,-14.6,0.956,0.448,108.2,235.5,1.4,1.0,0.8
hyk02,2020-12-14,-6.9,-0.4,-15.1,0.974,0.663,35.4,275.0,0.9,0.5,0.6
hyk02,2020-12-15,-7.9,-4.8,-16.8,0.973,0.859,42.7,144.3,0.3,0.2,0.2
hyk02,2020-12-16,-3.5,5.6,-15.2,0.917,0.528,95.3,269.2,1.6,0.7,1.0
hyk02,2020-12-17,-1.7,7.4,-9.1,0.927,0.384,94.1,196.4,1.8,0.6,1.1
hyk02,2020-12-18,-0.5,6.5,-7.1,0.962,0.607,53.1,319.5,1.5,0.6,1.0
hyk02,2020-12-19,0.0,8.4,-9.4,0.966,0.327,97.3,289.0,2.6,1.3,1.6
hyk02,2020-12-20,3.3,10.0,-5.5,0.845,0.28,86.9,326.5,3.3,1.5,2.0
hyk02,2020-12-21,4.2,14.1,-4.3,0.962,0.365,99.2,163.6,2.2,0.9,1.4
hyk02,2020-12-22,4.0,16.6,-5.7,0.99,0.304,102.1,262.8,3.7,1.9,2.2
hyk02,2020-12-23,-4.8,1.5,-11.4,0.864,0.312,67.5,789.6,2.8,3.1,1.7
hyk02,2020-12-24,0.7,8.6,-9.5,0.669,0.263,44.8,464.6,4.0,2.8,2.4
hyk02,2020-12-25,2.5,15.3,-6.6,0.733,0.152,106.7,185.5,3.5,1.6,2.1
hyk02,2020-12-26,3.7,17.4,-8.3,0.828,0.158,86.2,186.5,3.9,1.7,2.3
hyk02,2020-12-27,2.2,8.9,-6.2,0.967,0.318,98.6,324.5,2.8,1.6,1.7
hyk02,2020-12-28,-4.0,0.0,-10.1,0.994,0.878,26.2,248.3,0.4,0.6,0.3
hyk02,2020-12-29,-4.7,-1.1,-10.8,0.983,0.737,55.6,441.7,0.8,0.6,0.5
hyk02,2020-12-30,-8.4,2.2,-14.6,0.939,0.489,111.5,197.9,1.2,1.0,0.8
hyk02,2020-12-31,-6.3,3.4,-15.3,0.929,0.459,109.0,99.9,0.9,0.6,0.6
