   Time       ET       EvapP   TranspP     Rns        Rnl    RadTerm  AeroTerm     Prec     Interc   ExInterc
    1.00     3.733      .005     3.729    13.090     1.747     3.380      .343     3.500      .000      .000
    2.00     4.202      .005     4.196    14.630     2.042     3.821      .367      .400      .000      .000
    3.00     4.338      .006     4.333    14.630     2.053     3.869      .454     4.500      .000      .000
    4.00     5.512      .007     5.505    19.250     3.363     4.927      .565      .000      .000      .000
    5.00     6.466      .008     6.457    22.330     4.913     5.526      .915      .000      .000      .000
    6.00     6.348      .008     6.340    22.330     4.720     5.508      .818      .000      .000      .000
    7.00     5.945      .008     5.937    20.790     4.357     5.107      .818      .000      .000      .000
    8.00     5.802      .007     5.795    20.790     3.744     5.252      .532      .000      .000      .000
    9.00     5.333      .007     5.326    18.480     2.634     4.951      .362      .000      .000      .000
   10.00     4.453      .006     4.447    15.400     2.105     4.088      .350      .000      .000      .000
   11.00     5.594      .007     5.587    20.020     3.302     5.155      .419     1.400      .000      .000
   12.00     5.718      .007     5.711    20.790     3.873     5.169      .530     1.000      .000      .000
   13.00     5.818      .007     5.810    21.560     4.070     5.307      .493      .000      .000      .000
   14.00     5.230      .007     5.224    19.250     3.383     4.788      .427      .800      .000      .000
   15.00     5.483      .007     5.476    20.020     3.519     5.021      .444     1.800      .000      .000
   16.00     5.572      .007     5.565    20.020     3.307     5.144      .409      .000      .000      .000
   17.00     5.554      .007     5.546    20.020     3.429     5.092      .443      .000      .000      .000
   18.00     5.091      .006     5.085    18.480     2.921     4.737      .338     8.000      .000      .000
   19.00     5.156      .007     5.149    18.480     2.885     4.781      .357    27.000      .000      .000
   20.00     5.550      .007     5.543    20.020     3.439     5.089      .443    11.500      .000      .000
   21.00     4.924      .006     4.918    17.710     2.890     4.504      .405      .000      .000      .000
   22.00     5.250      .007     5.243    18.480     3.083     4.752      .479      .200      .000      .000
   23.00     5.620      .007     5.613    20.790     4.064     5.062      .542      .000      .000      .000
   24.00     4.488      .006     4.483    15.400     2.371     3.992      .482      .000      .000      .000
   25.00     4.344      .006     4.339    14.630     1.911     3.952      .377      .000      .000      .000
   26.00     4.336      .006     4.331    15.400     2.238     3.992      .331    41.000      .000      .000
   27.00     4.025      .005     4.019    13.860     1.739     3.716      .295     2.800      .000      .000
   28.00     3.916      .005     3.911    13.090     1.487     3.602      .300     2.000      .000      .000
   29.00     3.956      .005     3.951    13.090     1.496     3.612      .329      .000      .000      .000
   30.00     4.795      .006     4.789    16.170     2.180     4.391      .386      .000      .000      .000
   31.00     4.235      .005     4.230    13.860     1.709     3.813      .406      .000      .000      .000
   32.00     4.423      .006     4.417    14.630     1.884     4.000      .406    16.500      .000      .000
   33.00     4.789      .006     4.783    16.170     2.310     4.338      .433      .000      .000      .000
   34.00     3.687      .005     3.682    11.550     1.149     3.285      .387      .000      .000      .000
   35.00     3.296      .004     3.292    10.010      .844     2.887      .396    17.000      .000      .000
   36.00     3.839      .005     3.834    12.320     1.365     3.438      .386    11.500      .000      .000
   37.00     4.406      .006     4.400    14.630     1.876     4.003      .386     7.000      .000      .000
   38.00     4.878      .006     4.872    16.170     2.154     4.442      .416      .000      .000      .000
   39.00     5.150      .007     5.144    17.710     2.589     4.742      .389      .000      .000      .000
   40.00     4.808      .006     4.802    16.940     2.508     4.454      .337    65.000      .000      .000
   41.00     3.965      .005     3.960    13.860     1.907     3.633      .320    15.500      .000      .000
   42.00     4.476      .006     4.470    16.170     2.475     4.153      .309    12.000      .000      .000
   43.00     5.546      .007     5.539    20.020     3.712     5.017      .510      .000      .000      .000
   44.00     5.869      .007     5.861    21.560     4.250     5.311      .539      .000      .000      .000
   45.00     5.826      .007     5.818    21.560     4.751     5.126      .683      .000      .000      .000
   46.00     5.684      .007     5.676    20.790     4.606     4.944      .722      .000      .000      .000
   47.00     5.528      .007     5.521    20.020     4.183     4.850      .661      .000      .000      .000
   48.00     5.997      .008     5.989    20.790     4.354     5.184      .791      .000      .000      .000
   49.00     5.333      .007     5.327    17.710     3.277     4.584      .728      .000      .000      .000
   50.00     5.580      .007     5.573    19.250     3.360     5.004      .555      .000      .000      .000
   51.00     6.008      .008     6.000    20.790     3.503     5.477      .507      .000      .000      .000
   52.00     5.387      .007     5.380    18.480     3.016     4.876      .490      .000      .000      .000
   53.00     4.682      .006     4.676    16.170     2.814     4.127      .539      .000      .000      .000
   54.00     4.939      .006     4.933    17.710     2.792     4.600      .322    17.000      .000      .000
   55.00     5.169      .007     5.162    18.480     3.345     4.672      .479    18.000      .000      .000
   56.00     5.253      .007     5.247    19.250     3.525     4.812      .424     1.000      .000      .000
   57.00     5.596      .007     5.589    20.790     4.145     5.086      .492      .000      .000      .000
   58.00     5.645      .007     5.638    20.790     4.733     4.917      .710      .000      .000      .000
   59.00     5.334      .007     5.327    19.250     3.778     4.767      .549      .000      .000      .000
   60.00     5.433      .007     5.426    19.250     3.577     4.886      .528      .000      .000      .000
   61.00     4.717      .006     4.711    16.940     3.221     4.181      .521    65.000      .000      .000
   62.00     4.702      .006     4.696    16.170     2.833     4.147      .539      .000      .000      .000
   63.00     3.480      .004     3.476    12.320     1.626     3.236      .233    29.000      .000      .000
   64.00     2.884      .004     2.880    10.010     1.109     2.656      .220   177.000      .000      .000
   65.00     3.476      .004     3.471    12.320     1.783     3.160      .306    21.000      .000      .000
   66.00     3.921      .005     3.916    13.860     2.134     3.570      .338    28.500      .000      .000
   67.00     4.272      .005     4.266    15.400     2.466     3.950      .308     3.000      .000      .000
   68.00     3.753      .005     3.748    13.090     1.860     3.440      .300    30.000      .000      .000
   69.00     3.120      .004     3.116    10.780     1.301     2.870      .240   111.500      .000      .000
   70.00     2.823      .004     2.819     9.240      .912     2.541      .272    28.500      .000      .000
   71.00     3.875      .005     3.870    13.860     2.152     3.561      .302   109.300      .000      .000
   72.00     2.655      .003     2.652     8.470      .760     2.345      .302    20.500      .000      .000
   73.00     4.358      .006     4.352    16.170     2.920     4.006      .339    71.000      .000      .000
   74.00     4.282      .005     4.277    15.400     2.577     3.931      .337      .500      .000      .000
   75.00     3.336      .004     3.332    11.550     1.546     3.053      .272    10.000      .000      .000
   76.00     1.949      .002     1.947     6.160      .182     1.777      .167    21.500      .000      .000
   77.00     1.933      .002     1.931     6.160      .196     1.753      .175    80.000      .000      .000
   78.00     3.462      .004     3.458    12.320     1.834     3.177      .274   111.000      .000      .000
   79.00     4.416      .006     4.410    16.170     3.163     3.958      .444     1.000      .000      .000
   80.00     4.799      .006     4.793    17.710     3.544     4.340      .443      .000      .000      .000
   81.00     3.971      .005     3.966    13.860     2.263     3.583      .375     1.600      .000      .000
   82.00     4.750      .006     4.744    16.940     3.000     4.347      .386      .000      .000      .000
   83.00     3.915      .005     3.910    13.860     2.308     3.552      .350      .000      .000      .000
   84.00     4.126      .005     4.121    15.400     2.810     3.815      .299     2.500      .000      .000
   85.00     4.164      .005     4.158    15.400     2.937     3.783      .367    16.500      .000      .000
   86.00     4.967      .006     4.961    19.250     4.466     4.468      .485      .000      .000      .000
   87.00     4.633      .006     4.627    17.710     3.897     4.174      .445      .000      .000      .000
   88.00     4.583      .006     4.577    17.710     3.905     4.154      .416      .000      .000      .000
   89.00     4.476      .006     4.470    16.940     3.651     4.027      .435      .000      .000      .000
   90.00     4.609      .006     4.603    17.710     3.975     4.150      .445      .000      .000      .000
   91.00     4.663      .006     4.657    17.710     3.959     4.185      .464      .000      .000      .000
   92.00     4.490      .006     4.484    16.940     3.692     4.031      .444      .000      .000      .000
   93.00     4.310      .005     4.304    16.170     3.304     3.922      .375      .000      .000      .000
   94.00     4.416      .006     4.411    16.940     4.001     3.905      .498      .000      .000      .000
   95.00     4.083      .005     4.078    15.400     3.597     3.547      .525      .000      .000      .000
   96.00     4.214      .005     4.209    16.170     3.725     3.745      .457      .000      .000      .000
   97.00     4.342      .006     4.336    16.940     4.067     3.862      .467      .000      .000      .000
   98.00     3.557      .005     3.553    13.090     2.619     3.156      .390    27.500      .000      .000
   99.00     3.818      .005     3.814    14.630     3.081     3.467      .340    36.000      .000      .000
  100.00     3.708      .005     3.703    13.860     2.827     3.336      .361     9.500      .000      .000
  101.00     3.624      .005     3.619    13.860     2.830     3.308      .306    36.500      .000      .000
  102.00     3.780      .005     3.775    14.630     3.200     3.420      .349    14.000      .000      .000
  103.00     4.278      .005     4.273    16.940     4.002     3.888      .378     1.200      .000      .000
  104.00     3.876      .005     3.871    15.400     3.709     3.467      .399     1.600      .000      .000
  105.00     2.911      .004     2.907    10.780     1.902     2.650      .253    19.800      .000      .000
  106.00     2.956      .004     2.952    11.550     2.133     2.778      .170    24.000      .000      .000
  107.00     2.734      .003     2.731    10.010     1.759     2.446      .281   132.000      .000      .000
  108.00     3.654      .005     3.649    14.630     3.534     3.275      .369    23.000      .000      .000
  109.00     3.795      .005     3.790    15.400     3.774     3.439      .346    35.000      .000      .000
  110.00     3.694      .005     3.689    14.630     3.497     3.318      .366     8.400      .000      .000
  111.00     3.452      .004     3.447    13.860     3.182     3.155      .288    38.000      .000      .000
  112.00     2.903      .004     2.899    10.780     2.064     2.605      .289    74.000      .000      .000
  113.00     3.340      .004     3.336    13.090     2.936     3.023      .308    39.000      .000      .000
  114.00     3.315      .004     3.311    13.090     3.140     2.937      .369     1.600      .000      .000
  115.00     3.099      .004     3.095    11.550     2.466     2.727      .363      .000      .000      .000
  116.00     3.446      .004     3.441    13.090     3.472     2.880      .556     3.000      .000      .000
  117.00     3.104      .004     3.100    12.320     2.919     2.763      .333    17.500      .000      .000
  118.00     2.928      .004     2.924    11.550     2.648     2.608      .313     3.000      .000      .000
  119.00     3.472      .004     3.468    13.860     3.469     3.097      .366    41.500      .000      .000
  120.00     3.400      .004     3.395    13.860     3.220     3.165      .225    24.500      .000      .000
  121.00     3.216      .004     3.212    12.320     2.708     2.903      .303    24.500      .000      .000
  122.00     3.242      .004     3.237    13.090     2.912     3.037      .195     8.000      .000      .000
  123.00     3.487      .004     3.483    13.860     3.404     3.142      .335    10.500      .000      .000
  124.00     3.324      .004     3.320    13.090     3.247     2.949      .366      .000      .000      .000
  125.00     2.868      .004     2.865    10.780     2.540     2.451      .410      .000      .000      .000
  126.00     3.135      .004     3.131    12.320     3.039     2.769      .358      .500      .000      .000
  127.00     3.301      .004     3.297    13.090     3.258     2.951      .340     2.000      .000      .000
  128.00     3.294      .004     3.290    13.090     3.283     2.944      .340    12.000      .000      .000
  129.00     3.222      .004     3.218    13.090     3.333     2.905      .308     9.000      .000      .000
  130.00     2.940      .004     2.937    11.550     2.786     2.612      .321     4.000      .000      .000
  131.00     3.156      .004     3.152    12.320     3.033     2.799      .347      .000      .000      .000
  132.00     2.117      .003     2.115     6.160      .885     1.574      .537    15.500      .000      .000
  133.00     3.180      .004     3.176    13.090     4.867     2.379      .793      .000      .000      .000
  134.00     3.421      .004     3.417    15.400     5.900     2.722      .691      .000      .000      .000
  135.00     3.309      .004     3.305    14.630     4.714     2.872      .429     2.000      .000      .000
  136.00     3.242      .004     3.238    13.860     4.292     2.803      .431     3.000      .000      .000
  137.00     2.887      .004     2.883    12.320     3.646     2.501      .380     1.000      .000      .000
  138.00     3.232      .004     3.227    13.860     3.997     2.904      .319    33.500      .000      .000
  139.00     2.879      .004     2.876    12.320     3.461     2.577      .295    12.000      .000      .000
  140.00     3.030      .004     3.026    13.090     3.824     2.702      .321     5.000      .000      .000
  141.00     2.462      .003     2.458    10.010     2.497     2.186      .270      .400      .000      .000
  142.00     2.051      .003     2.048     7.700     1.430     1.850      .196    33.000      .000      .000
  143.00     1.397      .002     1.395     4.620      .264     1.264      .130   156.000      .000      .000
  144.00     1.700      .002     1.698     6.160      .873     1.540      .156    44.500      .000      .000
  145.00     2.208      .003     2.205     8.470     1.925     1.911      .292    33.000      .000      .000
  146.00     2.733      .003     2.730    11.550     3.241     2.428      .298     1.000      .000      .000
  147.00     3.189      .004     3.185    13.860     4.273     2.826      .354      .000      .000      .000
  148.00     3.089      .004     3.085    13.090     4.050     2.672      .409      .000      .000      .000
  149.00     3.159      .004     3.155    13.090     3.867     2.764      .387      .000      .000      .000
  150.00     3.053      .004     3.049    13.090     4.177     2.623      .423      .000      .000      .000
  151.00     1.938      .002     1.936     6.930     1.334     1.635      .298    30.000      .000      .000
  152.00     2.737      .003     2.734    11.550     3.162     2.476      .254     9.500      .000      .000
  153.00     2.572      .003     2.569    10.780     3.020     2.268      .298    48.000      .000      .000
  154.00     2.127      .003     2.125     8.470     2.083     1.841      .281    32.000      .000      .000
  155.00     2.177      .003     2.174     8.470     2.065     1.865      .306     5.000      .000      .000
  156.00     2.812      .004     2.808    12.320     3.983     2.420      .385      .800      .000      .000
  157.00     2.896      .004     2.893    14.630     6.542     2.206      .686      .000      .000      .000
  158.00     2.673      .003     2.670    13.090     5.380     2.083      .587      .000      .000      .000
  159.00     2.968      .004     2.964    14.630     6.083     2.373      .590      .000      .000      .000
  160.00     3.026      .004     3.022    14.630     5.835     2.479      .541      .000      .000      .000
  161.00     2.978      .004     2.974    13.860     5.120     2.500      .472      .000      .000      .000
  162.00     2.912      .004     2.908    13.090     4.711     2.416      .490      .000      .000      .000
  163.00     2.993      .004     2.990    13.860     4.971     2.559      .428      .000      .000      .000
  164.00     2.105      .003     2.102     8.470     2.144     1.826      .274     1.600      .000      .000
  165.00     2.246      .003     2.243     9.240     2.442     1.976      .265    26.000      .000      .000
  166.00     1.497      .002     1.495     5.390      .721     1.339      .155   135.500      .000      .000
  167.00     2.541      .003     2.538    11.550     3.796     2.206      .330    54.500      .000      .000
  168.00     1.787      .002     1.785     6.930     1.504     1.537      .246    21.500      .000      .000
  169.00     2.275      .003     2.273    10.010     2.838     2.051      .220    25.500      .000      .000
  170.00     1.903      .002     1.900     6.930     1.527     1.556      .343     2.500      .000      .000
  171.00     1.320      .002     1.318     4.620      .423     1.168      .150    12.000      .000      .000
  172.00     2.579      .003     2.576    12.320     4.408     2.207      .367     1.600      .000      .000
  173.00     2.016      .003     2.013     8.470     2.435     1.671      .342      .000      .000      .000
  174.00     2.294      .003     2.291     9.240     2.696     1.887      .402      .000      .000      .000
  175.00     2.033      .003     2.031     7.700     1.781     1.730      .298      .000      .000      .000
  176.00     2.725      .003     2.721    11.550     3.374     2.418      .299      .000      .000      .000
  177.00     2.265      .003     2.262     9.240     2.489     1.964      .295      .000      .000      .000
  178.00     2.452      .003     2.448    11.550     3.500     2.281      .166      .000      .000      .000
  179.00     2.526      .003     2.523    10.780     3.095     2.246      .274     7.500      .000      .000
  180.00     2.754      .004     2.751    13.090     4.821     2.332      .416      .400      .000      .000
  181.00     2.497      .003     2.494    12.320     5.480     1.799      .695      .000      .000      .000
  182.00     2.361      .003     2.358    10.780     3.738     1.939      .418      .000      .000      .000
  183.00     2.544      .003     2.541    11.550     4.088     2.088      .452      .000      .000      .000
  184.00     2.207      .003     2.205    10.010     3.088     1.916      .287      .000      .000      .000
  185.00     2.576      .003     2.573    13.090     4.661     2.305      .267     2.000      .000      .000
  186.00     1.744      .002     1.741     6.930     1.554     1.481      .260      .600      .000      .000
  187.00     2.696      .003     2.693    12.320     4.368     2.244      .447      .600      .000      .000
  188.00     2.951      .004     2.947    14.630     5.737     2.474      .472      .000      .000      .000
  189.00     2.823      .004     2.819    14.630     6.251     2.256      .563      .000      .000      .000
  190.00     2.816      .004     2.812    14.630     6.078     2.299      .513      .000      .000      .000
  191.00     2.655      .003     2.652    13.090     5.103     2.160      .492      .000      .000      .000
  192.00     2.487      .003     2.484    11.550     4.055     2.056      .428      .000      .000      .000
  193.00     2.792      .004     2.788    13.090     4.322     2.483      .303      .400      .000      .000
  194.00     2.811      .004     2.808    13.090     4.257     2.510      .295      .800      .000      .000
  195.00     2.719      .003     2.715    12.320     4.041     2.348      .365      .000      .000      .000
  196.00     1.700      .002     1.698     5.390      .784     1.281      .416     2.500      .000      .000
  197.00     1.201      .002     1.199     4.620      .373     1.089      .111    30.500      .000      .000
  198.00     2.131      .003     2.128     9.240     2.859     1.701      .427     8.500      .000      .000
  199.00     2.068      .003     2.065     7.700     1.972     1.588      .476      .000      .000      .000
  200.00     1.841      .002     1.838     6.930     1.327     1.592      .244    56.000      .000      .000
  201.00     1.407      .002     1.405     4.620      .283     1.249      .154    92.000      .000      .000
  202.00     1.848      .002     1.845     6.930     1.193     1.666      .177    53.000      .000      .000
  203.00     1.959      .002     1.956     7.700     1.544     1.767      .187    22.000      .000      .000
  204.00     2.810      .004     2.807    12.320     3.638     2.497      .307     4.500      .000      .000
  205.00     2.840      .004     2.836    12.320     3.994     2.369      .465      .000      .000      .000
  206.00     3.149      .004     3.145    14.630     4.989     2.729      .413      .000      .000      .000
  207.00     3.144      .004     3.140    14.630     5.012     2.714      .424      .000      .000      .000
  208.00     3.025      .004     3.021    13.860     4.505     2.644      .375      .000      .000      .000
  209.00     2.424      .003     2.421    10.010     2.624     2.099      .320      .000      .000      .000
  210.00     3.055      .004     3.051    13.860     5.060     2.465      .584      .000      .000      .000
  211.00     2.910      .004     2.906    13.860     5.376     2.279      .626      .000      .000      .000
  212.00     3.199      .004     3.195    15.400     5.356     2.785      .408      .000      .000      .000
  213.00     3.134      .004     3.130    14.630     4.680     2.794      .335     1.200      .000      .000
  214.00     2.660      .003     2.657    11.550     3.284     2.321      .335      .200      .000      .000
  215.00     3.182      .004     3.178    13.860     4.245     2.763      .412      .000      .000      .000
  216.00     3.217      .004     3.212    14.630     5.394     2.574      .636      .000      .000      .000
  217.00     3.001      .004     2.997    15.400     6.194     2.369      .629      .000      .000      .000
  218.00     2.984      .004     2.980    14.630     5.504     2.394      .586      .000      .000      .000
  219.00     2.720      .003     2.716    12.320     3.692     2.358      .357     5.000      .000      .000
  220.00     2.482      .003     2.478    10.780     2.859     2.179      .298    14.000      .000      .000
  221.00     2.983      .004     2.979    13.860     4.107     2.697      .281    25.500      .000      .000
  222.00     3.070      .004     3.066    13.860     4.192     2.697      .367     6.000      .000      .000
  223.00     3.023      .004     3.019    13.860     4.141     2.685      .333      .200      .000      .000
  224.00     3.107      .004     3.103    13.860     4.236     2.678      .424     1.400      .000      .000
  225.00     2.984      .004     2.980    13.090     3.734     2.612      .366      .000      .000      .000
  226.00     3.181      .004     3.177    14.630     4.433     2.817      .359      .000      .000      .000
  227.00     3.105      .004     3.101    13.860     4.044     2.732      .367     3.500      .000      .000
  228.00     2.271      .003     2.268    10.010     2.309     2.074      .194    21.000      .000      .000
  229.00     1.662      .002     1.660     6.160      .684     1.484      .176    83.500      .000      .000
  230.00     2.546      .003     2.542    10.780     2.512     2.295      .246    19.000      .000      .000
  231.00     2.623      .003     2.620    10.780     2.692     2.234      .385    33.800      .000      .000
  232.00     1.865      .002     1.863     6.930      .959     1.634      .228     6.000      .000      .000
  233.00     3.094      .004     3.090    13.860     3.829     2.767      .322    10.000      .000      .000
  234.00     3.332      .004     3.327    14.630     4.067     2.966      .360    10.500      .000      .000
  235.00     3.406      .004     3.402    14.630     4.014     3.011      .389      .000      .000      .000
  236.00     3.524      .004     3.519    15.400     4.282     3.142      .375      .000      .000      .000
  237.00     3.652      .005     3.647    15.400     4.305     3.183      .461      .000      .000      .000
  238.00     2.528      .003     2.525     9.240     1.601     2.230      .292      .000      .000      .000
  239.00     3.504      .004     3.499    15.400     3.866     3.271      .226      .000      .000      .000
  240.00     3.785      .005     3.781    17.710     6.830     2.930      .850      .000      .000      .000
  241.00     3.760      .005     3.756    17.710     5.577     3.298      .456      .000      .000      .000
  242.00     3.136      .004     3.132    13.090     3.477     2.660      .471      .000      .000      .000
  243.00     3.383      .004     3.379    13.860     3.389     3.001      .375      .200      .000      .000
  244.00     3.150      .004     3.146    12.320     2.799     2.741      .401     1.000      .000      .000
  245.00     3.601      .005     3.596    14.630     3.648     3.173      .419     1.200      .000      .000
  246.00     3.694      .005     3.690    14.630     3.401     3.300      .385     1.600      .000      .000
  247.00     3.488      .004     3.483    13.860     3.332     3.040      .440      .000      .000      .000
  248.00     4.086      .005     4.080    16.940     4.431     3.631      .445      .000      .000      .000
  249.00     3.399      .004     3.395    13.860     3.232     3.037      .355     2.800      .000      .000
  250.00     3.583      .005     3.579    14.630     3.608     3.152      .424      .000      .000      .000
  251.00     3.375      .004     3.371    13.090     3.028     2.901      .467     1.800      .000      .000
  252.00     3.542      .005     3.538    14.630     3.425     3.192      .342     9.500      .000      .000
  253.00     3.218      .004     3.214    12.320     2.430     2.880      .330     7.000      .000      .000
  254.00     4.176      .005     4.170    16.940     4.132     3.740      .426      .200      .000      .000
  255.00     3.769      .005     3.764    14.630     3.223     3.352      .408      .000      .000      .000
  256.00     2.709      .003     2.705    10.010     1.597     2.428      .274    13.000      .000      .000
  257.00     3.530      .004     3.525    13.860     2.894     3.183      .338    18.500      .000      .000
  258.00     3.841      .005     3.836    15.400     3.295     3.525      .306     3.500      .000      .000
  259.00     4.176      .005     4.171    16.940     3.830     3.823      .344      .000      .000      .000
  260.00     3.578      .005     3.573    13.860     2.614     3.309      .260     3.000      .000      .000
  261.00     2.727      .003     2.723     9.240     1.297     2.334      .385      .000      .000      .000
  262.00     3.236      .004     3.231    11.550     2.092     2.783      .444      .000      .000      .000
  263.00     3.384      .004     3.380    12.320     2.213     2.993      .383      .000      .000      .000
  264.00     3.680      .005     3.675    13.860     2.751     3.269      .401      .000      .000      .000
  265.00     2.470      .003     2.467     7.700      .776     2.031      .433      .000      .000      .000
  266.00     3.123      .004     3.119    11.550     1.773     2.886      .229     2.000      .000      .000
  267.00     4.550      .006     4.544    17.710     3.832     4.128      .410      .000      .000      .000
  268.00     4.728      .006     4.722    18.480     4.194     4.249      .467      .000      .000      .000
  269.00     4.876      .006     4.870    19.250     4.207     4.474      .389      .000      .000      .000
  270.00     5.175      .007     5.168    20.020     4.472     4.685      .475      .000      .000      .000
  271.00     4.977      .006     4.971    19.250     4.195     4.517      .446      .000      .000      .000
  272.00     4.941      .006     4.935    19.250     4.025     4.556      .371      .000      .000      .000
  273.00     3.005      .004     3.002    10.010     1.286     2.627      .369      .000      .000      .000
  274.00     4.768      .006     4.762    17.710     3.375     4.365      .388      .000      .000      .000
  275.00     4.470      .006     4.464    16.940     3.152     4.139      .318     1.400      .000      .000
  276.00     4.657      .006     4.651    17.710     3.450     4.281      .363      .000      .000      .000
  277.00     4.033      .005     4.027    14.630     2.723     3.567      .454      .000      .000      .000
  278.00     4.780      .006     4.774    17.710     3.804     4.205      .561      .100      .000      .000
  279.00     4.594      .006     4.588    17.710     3.473     4.235      .346     8.500      .000      .000
  280.00     4.941      .006     4.935    19.250     4.931     4.222      .707      .100      .000      .000
  281.00     5.239      .007     5.232    20.790     5.465     4.518      .707      .000      .000      .000
  282.00     5.075      .006     5.068    20.020     5.305     4.317      .745      .400      .000      .000
  283.00     5.015      .006     5.009    20.020     5.232     4.299      .705      .000      .000      .000
  284.00     5.103      .006     5.096    20.790     5.113     4.535      .557      .000      .000      .000
  285.00     5.328      .007     5.321    21.560     5.484     4.678      .638      .000      .000      .000
  286.00     4.798      .006     4.792    18.480     4.161     4.215      .572      .000      .000      .000
  287.00     4.411      .006     4.406    16.940     3.217     4.046      .354      .000      .000      .000
  288.00     5.004      .006     4.998    19.250     3.908     4.572      .418      .000      .000      .000
  289.00     3.272      .004     3.268    12.320     1.909     2.991      .274    12.000      .000      .000
  290.00     4.515      .006     4.509    17.710     3.726     4.059      .445    24.000      .000      .000
  291.00     3.951      .005     3.946    14.630     2.677     3.501      .439      .000      .000      .000
  292.00     5.170      .007     5.164    20.020     4.342     4.649      .508      .000      .000      .000
  293.00     5.039      .006     5.033    19.250     3.834     4.599      .426      .000      .000      .000
  294.00     4.673      .006     4.667    17.710     3.223     4.317      .343      .000      .000      .000
  295.00     4.894      .006     4.888    18.480     3.976     4.308      .572      .100      .000      .000
  296.00     4.311      .005     4.306    15.400     3.195     3.619      .681      .000      .000      .000
  297.00     3.043      .004     3.039    10.010     1.201     2.600      .435      .000      .000      .000
  298.00     3.242      .004     3.238    11.550     1.586     2.912      .323     9.500      .000      .000
  299.00     4.978      .006     4.972    19.250     4.256     4.399      .567      .100      .000      .000
  300.00     4.850      .006     4.844    18.480     3.711     4.366      .472      .000      .000      .000
  301.00     5.411      .007     5.404    20.790     4.324     4.912      .484      .000      .000      .000
  302.00     5.413      .007     5.406    20.790     4.513     4.841      .557      .000      .000      .000
  303.00     5.451      .007     5.444    20.790     4.163     4.982      .454      .000      .000      .000
  304.00     5.497      .007     5.490    20.790     4.629     4.851      .630      .000      .000      .000
  305.00     5.381      .007     5.374    20.790     4.403     4.859      .508      .000      .000      .000
  306.00     5.560      .007     5.553    21.560     4.569     5.045      .500      .000      .000      .000
  307.00     4.969      .006     4.963    18.480     3.576     4.459      .497      .000      .000      .000
  308.00     5.020      .006     5.014    18.480     3.378     4.557      .448      .000      .000      .000
  309.00     4.708      .006     4.702    16.940     2.953     4.233      .461      .000      .000      .000
  310.00     5.080      .006     5.073    18.480     3.373     4.586      .478      .000      .000      .000
  311.00     5.176      .007     5.170    18.480     3.047     4.750      .409      .000      .000      .000
  312.00     5.312      .007     5.305    19.250     3.647     4.755      .541      .000      .000      .000
  313.00     5.286      .007     5.279    19.250     3.949     4.637      .633      .000      .000      .000
  314.00     5.661      .007     5.654    20.790     3.982     5.129      .514      .000      .000      .000
  315.00     5.363      .007     5.356    19.250     3.572     4.804      .542      .000      .000      .000
  316.00     5.695      .007     5.688    19.250     3.348     5.033      .640      .000      .000      .000
  317.00     5.176      .007     5.169    16.940     2.922     4.442      .714      .000      .000      .000
  318.00     4.946      .006     4.940    16.170     2.885     4.173      .754     2.000      .000      .000
  319.00     5.428      .007     5.421    19.250     3.438     4.878      .532     1.600      .000      .000
  320.00     5.911      .008     5.903    22.330     6.460     4.781     1.113      .000      .000      .000
  321.00     5.410      .007     5.403    20.790     4.497     4.805      .591      .000      .000      .000
  322.00     5.542      .007     5.535    20.790     4.609     4.848      .679      .000      .000      .000
  323.00     4.569      .006     4.563    16.170     3.139     3.893      .664      .100      .000      .000
  324.00     4.382      .006     4.376    15.400     2.707     3.803      .566     8.000      .000      .000
  325.00     5.016      .006     5.010    18.480     3.365     4.535      .467     7.000      .000      .000
  326.00     4.719      .006     4.713    16.940     2.954     4.216      .489      .500      .000      .000
  327.00     5.528      .007     5.521    20.790     4.038     5.026      .487      .000      .000      .000
  328.00     5.377      .007     5.371    20.020     3.720     4.905      .457      .000      .000      .000
  329.00     5.295      .007     5.288    19.250     3.746     4.687      .593      .000      .000      .000
  330.00     5.792      .007     5.785    21.560     4.267     5.233      .542      .000      .000      .000
  331.00     4.864      .006     4.858    16.940     2.968     4.270      .579      .000      .000      .000
  332.00     5.272      .007     5.265    18.480     3.535     4.592      .662     1.600      .000      .000
  333.00     5.184      .007     5.178    18.480     3.154     4.690      .477      .000      .000      .000
  334.00     5.707      .007     5.700    20.790     3.885     5.168      .521      .000      .000      .000
  335.00     5.550      .007     5.543    20.020     3.850     4.935      .598      .000      .000      .000
  336.00     5.693      .007     5.686    20.790     3.940     5.135      .541      .000      .000      .000
  337.00     5.485      .007     5.478    19.250     3.818     4.747      .722      .000      .000      .000
  338.00     5.933      .008     5.925    20.790     4.351     5.111      .802      .000      .000      .000
  339.00     5.839      .007     5.832    20.790     4.044     5.173      .647      .000      .000      .000
  340.00     6.040      .008     6.033    22.330     4.345     5.481      .541      .000      .000      .000
  341.00     5.899      .008     5.891    21.560     4.211     5.301      .579      .000      .000      .000
  342.00     5.434      .007     5.427    19.250     4.110     4.626      .790      .000      .000      .000
  343.00     4.737      .006     4.731    16.170     2.471     4.232      .488      .000      .000      .000
  344.00     5.541      .007     5.534    19.250     3.618     4.848      .674      .000      .000      .000
  345.00     5.137      .007     5.130    17.710     3.176     4.483      .636      .000      .000      .000
  346.00     4.017      .005     4.012    13.860     1.925     3.609      .396     5.000      .000      .000
  347.00     3.914      .005     3.909    13.860     1.864     3.597      .306    26.500      .000      .000
  348.00     4.222      .005     4.217    15.400     2.231     3.933      .277    33.000      .000      .000
  349.00     4.365      .006     4.359    15.400     2.266     3.975      .376    19.500      .000      .000
  350.00     5.346      .007     5.340    19.250     3.335     4.857      .473     1.200      .000      .000
  351.00     4.549      .006     4.543    15.400     2.263     4.052      .481      .000      .000      .000
  352.00     4.341      .006     4.336    14.630     2.072     3.865      .462      .000      .000      .000
  353.00     5.474      .007     5.467    19.250     3.115     4.999      .455      .000      .000      .000
  354.00     5.145      .007     5.138    17.710     2.960     4.570      .557      .000      .000      .000
  355.00     5.348      .007     5.341    19.250     3.331     4.858      .473      .800      .000      .000
  356.00     6.106      .008     6.098    22.330     4.113     5.591      .495     1.000      .000      .000
  357.00     4.671      .006     4.665    16.170     2.663     4.116      .541      .000      .000      .000
  358.00     4.668      .006     4.662    16.170     2.527     4.175      .477      .100      .000      .000
  359.00     4.626      .006     4.620    16.170     2.518     4.161      .450    16.000      .000      .000
  360.00     4.126      .005     4.121    13.860     1.938     3.644      .469      .000      .000      .000
  361.00     5.407      .007     5.400    19.250     3.247     4.917      .472     4.000      .000      .000
  362.00     4.507      .006     4.501    15.400     2.253     4.039      .453      .400      .000      .000
  363.00     4.475      .006     4.469    15.400     2.277     4.016      .444      .000      .000      .000
  364.00     3.926      .005     3.921    13.090     1.626     3.518      .395     1.400      .000      .000
  365.00     5.104      .006     5.098    17.710     2.787     4.616      .471      .000      .000      .000
    1.00     4.754      .006     4.748    16.170     2.462     4.240      .498      .000      .000      .000
